1 0.1268766019772977 0.2874755859375 0.12486268766019773 0.017822265625
1 0.2920175759794947 0.277099609375 0.10435737824972538 0.03515625
1 0.4879165140974002 0.2813720703125 0.14097400219699743 0.025634765625
1 0.7072500915415598 0.2841796875 0.1563529842548517 0.02392578125
1 0.8808128890516295 0.284423828125 0.1314536799707067 0.0234375
1 0.1180886122299524 0.4150390625 0.12413035518125229 0.0244140625
1 0.2826803368729403 0.4150390625 0.11277920175759795 0.02392578125
1 0.42566825338703773 0.4141845703125 0.09044306114976199 0.024658203125
1 0.5629805931893079 0.4141845703125 0.10216038081288906 0.023681640625
1 0.8991212010252655 0.3641357421875 0.13804467228121567 0.034912109375
1 0.10673745880629806 0.593505859375 0.10948370560234347 0.0244140625
1 0.2669351885756133 0.593994140625 0.10911753936287075 0.02294921875
1 0.4240205053094105 0.587890625 0.1083852068839253 0.033203125
1 0.5842182350787257 0.59423828125 0.12486268766019773 0.0244140625
1 0.7147564994507506 0.5897216796875 0.07543024533138044 0.033935546875
1 0.8817283046503113 0.5853271484375 0.10984987184181619 0.041259765625
1 0.8923471255950202 0.8248291015625 0.1171731966312706 0.032958984375
1 0.7248260710362504 0.826171875 0.09483705602343465 0.03076171875
1 0.576711827169535 0.823974609375 0.0710362504577078 0.03369140625
1 0.4373855730501648 0.8251953125 0.1277920175759795 0.03173828125
1 0.26400585865983156 0.8243408203125 0.09959721713658001 0.034423828125
1 0.1010618820944709 0.8245849609375 0.10032954961552545 0.031982421875
0 0.8941779567923838 0.8516845703125 0.07982424020505309 0.018310546875
0 0.7370926400585865 0.8514404296875 0.08055657268399853 0.017822265625
0 0.5908092273892347 0.851318359375 0.06114976199194434 0.017578125
0 0.42237275723178325 0.851806640625 0.06334675942878067 0.01806640625
0 0.2632735261808861 0.8515625 0.062248260710362505 0.0185546875
0 0.10087879897473453 0.8515625 0.06334675942878067 0.0185546875
0 0.10142804833394362 0.6165771484375 0.062248260710362505 0.018798828125
0 0.2731600146466496 0.6163330078125 0.08055657268399853 0.016845703125
0 0.4295129989015013 0.616455078125 0.08055657268399853 0.0185546875
0 0.5710362504577078 0.6163330078125 0.06114976199194434 0.017822265625
0 0.7374588062980593 0.616455078125 0.08055657268399853 0.0185546875
0 0.8764188941779568 0.616455078125 0.06261442694983523 0.01806640625
0 0.8998535335042109 0.393310546875 0.08678139875503478 0.01904296875
0 0.9055291102160381 0.4423828125 0.0871475649945075 0.01904296875
0 0.561515928231417 0.4375 0.061882094470889784 0.0185546875
0 0.4313438300988649 0.4376220703125 0.06005126327352618 0.018310546875
0 0.2863419992676675 0.4373779296875 0.07982424020505309 0.018310546875
0 0.1268766019772977 0.4375 0.10069571585499817 0.0185546875
0 0.11369461735627975 0.30712890625 0.06334675942878067 0.0185546875
0 0.289637495422922 0.30712890625 0.061515928231417064 0.01806640625
0 0.4668619553277188 0.3072509765625 0.06298059318930795 0.018310546875
0 0.6786891248626876 0.306884765625 0.06261442694983523 0.01806640625
0 0.8652508238740388 0.3072509765625 0.062248260710362505 0.018310546875