1 0.11845477846942512 0.171875 0.11021603808128891 0.03271484375
1 0.3141706334675943 0.1763916015625 0.12303185646283413 0.025146484375
1 0.5043939948736726 0.1796875 0.12559502013914317 0.0185546875
1 0.6960820212376418 0.13818359375 0.13108751373123398 0.03271484375
1 0.8780666422555841 0.1712646484375 0.11277920175759795 0.032470703125
1 0.8956426217502746 0.3514404296875 0.11937019406810692 0.032958984375
1 0.7118271695349688 0.3519287109375 0.14646649578908824 0.032958984375
1 0.49798608568290004 0.351318359375 0.1171731966312706 0.033203125
1 0.12797510069571585 0.3551025390625 0.13291834492859758 0.023681640625
1 0.30318564628341266 0.3553466796875 0.08495056755767118 0.024658203125
1 0.13072134749176126 0.5384521484375 0.1457341633101428 0.024658203125
1 0.3178322958623215 0.534423828125 0.13035518125228854 0.033203125
1 0.5146466495789088 0.549560546875 0.11094837056023435 0.03125
1 0.7087147564994507 0.5867919921875 0.13072134749176126 0.024169921875
1 0.8943610399121201 0.5863037109375 0.11607469791285244 0.022705078125
1 0.8203954595386306 0.72705078125 0.10142804833394362 0.041015625
1 0.5865983156352984 0.7303466796875 0.08861222995239838 0.033935546875
1 0.4622848773343098 0.727783203125 0.12705968509703405 0.0400390625
1 0.3044672281215672 0.734619140625 0.1365800073233248 0.0263671875
1 0.12760893445624313 0.73193359375 0.11607469791285244 0.03173828125
0 0.11479311607469792 0.758056640625 0.05968509703405346 0.01806640625
0 0.11937019406810692 0.784912109375 0.06078359575247162 0.01708984375
0 0.29036982790186744 0.7578125 0.07543024533138044 0.01611328125
0 0.29586232149395825 0.7845458984375 0.07762724276821677 0.016357421875
0 0.45313072134749177 0.7576904296875 0.07433174661296228 0.016845703125
0 0.4584401318198462 0.78466796875 0.07616257781032588 0.0166015625
0 0.5972171365800073 0.757568359375 0.074697912852435 0.01611328125
0 0.5933723910655437 0.7847900390625 0.061882094470889784 0.016845703125
0 0.8224093738557305 0.7578125 0.07396558037348956 0.015625
0 0.827718784328085 0.784912109375 0.0765287440497986 0.01708984375
0 0.8969242035884292 0.609130859375 0.07945807396558037 0.01708984375
0 0.6924203588429146 0.6092529296875 0.062248260710362505 0.017822265625
0 0.5128158183815452 0.5762939453125 0.07506407909190772 0.015869140625
0 0.5181252288538997 0.60302734375 0.07835957524716221 0.01708984375
0 0.32167704137678504 0.562744140625 0.08751373123398022 0.017578125
0 0.330281948004394 0.6123046875 0.08861222995239838 0.0185546875
0 0.12211644086415233 0.611572265625 0.06774075430245331 0.01904296875
0 0.1259611863786159 0.5631103515625 0.0871475649945075 0.018310546875
0 0.12065177590626144 0.3773193359375 0.08238740388136213 0.017822265625
0 0.31014280483339435 0.3775634765625 0.062248260710362505 0.018310546875
0 0.4981691688026364 0.3779296875 0.08311973636030758 0.01806640625
0 0.6885756133284511 0.3773193359375 0.061882094470889784 0.016357421875
0 0.895825704870011 0.3775634765625 0.08092273892347125 0.016845703125
0 0.870926400585866 0.19921875 0.06261442694983523 0.01904296875
0 0.6755767118271695 0.165771484375 0.06078359575247162 0.015625
0 0.6801537898205785 0.192626953125 0.061882094470889784 0.017578125
0 0.49047967777370927 0.198486328125 0.06114976199194434 0.01708984375
0 0.30281948004393994 0.1988525390625 0.06005126327352618 0.017822265625
0 0.11314536799707067 0.19873046875 0.06298059318930795 0.0185546875