1 0.10680529300567108 0.17013232514177692 0.10680529300567108 0.03213610586011342
1 0.23936672967863895 0.1699747952110901 0.09688090737240075 0.031821045998739764
1 0.3813799621928166 0.1699747952110901 0.11720226843100189 0.031821045998739764
1 0.5099243856332704 0.17060491493383742 0.0831758034026465 0.029930686830497794
1 0.6436672967863895 0.17060491493383742 0.08601134215500945 0.031821045998739764
1 0.6337429111531191 0.37224322621298045 0.11720226843100189 0.03371140516698173
1 0.4612476370510397 0.3775992438563327 0.1332703213610586 0.023629489603024575
1 0.2939508506616257 0.37681159420289856 0.11625708884688091 0.022684310018903593
1 0.10727788279773157 0.37255828607435415 0.12098298676748583 0.0330812854442344
1 0.10184310018903592 0.5793950850661626 0.1053875236294896 0.023944549464398234
1 0.28071833648393196 0.5793950850661626 0.12570888468809074 0.023944549464398234
1 0.45061436672967864 0.5795526149968494 0.11389413988657845 0.023629489603024575
1 0.6474480151228733 0.5768746061751733 0.14177693761814744 0.024574669187145556
1 0.125 0.7569313169502205 0.14130434782608695 0.030560806553245116
1 0.30694706994328924 0.7597668557025835 0.13563327032136105 0.024259609325771897
1 0.4555765595463138 0.7559861373660995 0.0888468809073724 0.031821045998739764
1 0.6431947069943289 0.7599243856332704 0.12098298676748583 0.024574669187145556
1 0.7908790170132325 0.603182104599874 0.10255198487712665 0.03245116572148708
1 0.7774102079395085 0.4410838059231254 0.07561436672967864 0.03465658475110271
1 0.7762287334593573 0.286231884057971 0.0723062381852552 0.034341524889729046
0 0.11271266540642721 0.1962822936357908 0.08175803402646503 0.018273471959672338
0 0.25 0.19596723377441713 0.0831758034026465 0.017013232514177693
0 0.3846880907372401 0.19612476370510398 0.07939508506616257 0.017958412098298678
0 0.5184310018903592 0.19691241335853812 0.062381852551984876 0.017643352236925015
0 0.6505198487712666 0.19643982356647763 0.06285444234404537 0.017958412098298678
0 0.6247637051039697 0.3993383742911153 0.062381852551984876 0.018588531821046
0 0.44494328922495274 0.39996849401386264 0.0609640831758034 0.017958412098298678
0 0.29631379962192816 0.3991808443604285 0.08034026465028356 0.017643352236925015
0 0.10798676748582231 0.399653434152489 0.08270321361058601 0.017958412098298678
0 0.10964083175803403 0.6017643352236925 0.08034026465028356 0.017013232514177693
0 0.2691398865784499 0.601291745431632 0.0609640831758034 0.017328292375551356
0 0.45439508506616255 0.6020793950850661 0.08081285444234404 0.017013232514177693
0 0.6271266540642723 0.6019218651543793 0.06049149338374291 0.01606805293005671
0 0.6320888468809074 0.7824511657214871 0.06190926275992439 0.018588531821046
0 0.46148393194706994 0.782608695652174 0.06379962192816635 0.018273471959672338
0 0.28946124763705106 0.7827662255828608 0.0609640831758034 0.018588531821046
0 0.11342155009451796 0.7827662255828608 0.08223062381852551 0.017958412098298678
0 0.7956049149338374 0.6304347826086957 0.06379962192816635 0.01638311279143037
0 0.7984404536862004 0.6534341524889729 0.0609640831758034 0.015122873345935728
0 0.8052930056710775 0.46912413358538124 0.07655954631379962 0.01638311279143037
0 0.8074196597353497 0.4914933837429111 0.07608695652173914 0.015122873345935728
0 0.805765595463138 0.3139571518588532 0.07844990548204159 0.01606805293005671
0 0.8081285444234405 0.3377441713925646 0.07750472589792061 0.017013232514177693