1 0.1160307579641157 0.18310546875 0.13227755400952032 0.0323486328125
1 0.27737092640058586 0.185546875 0.15195898938117905 0.025634765625
1 0.4464957890882461 0.18707275390625 0.14967045038447455 0.0238037109375
1 0.6021164408641524 0.186767578125 0.13502380080556572 0.023193359375
1 0.5895276455510802 0.37124755859375 0.1254119370194068 0.02349853515625
1 0.4396301720981326 0.37139892578125 0.13777004760161113 0.0238037109375
1 0.28332112779201757 0.36712646484375 0.13731233980227023 0.032958984375
1 0.1190040278286342 0.37078857421875 0.13548150860490663 0.0238037109375
0 0.10962284877334309 0.208740234375 0.08101428048333943 0.0177001953125
0 0.2519699743683632 0.20889404296875 0.0627059685097034 0.01739501953125
0 0.4220065909923105 0.20904541015625 0.062248260710362505 0.0177001953125
0 0.5854082753570121 0.208740234375 0.062248260710362505 0.01708984375
0 0.576711827169535 0.39383056640625 0.0604174295129989 0.01800537109375
0 0.4206334675942878 0.3941357421875 0.062248260710362505 0.01739501953125
0 0.26455510801904064 0.39398193359375 0.06407909190772611 0.0177001953125
0 0.1137422189674112 0.39383056640625 0.08009886488465763 0.01861572265625
0 0.7398864884657635 0.20904541015625 0.0636213841083852 0.0177001953125
0 0.875825704870011 0.20904541015625 0.08101428048333943 0.01708984375
0 0.8840644452581472 0.39337158203125 0.08192969608202123 0.01708984375
0 0.7314170633467594 0.3941357421875 0.08055657268399853 0.01800537109375
1 0.7252398388868547 0.37078857421875 0.10664591724642988 0.0238037109375
1 0.8906993775173929 0.37109375 0.13273526180886122 0.0250244140625
1 0.8870377151226657 0.18035888671875 0.14005858659831563 0.0341796875
1 0.7350787257414866 0.18631103515625 0.09245697546686195 0.02349853515625
1 0.885664591724643 0.54718017578125 0.13456609300622482 0.0238037109375
1 0.7170010984987184 0.54733154296875 0.10115342365433908 0.02471923828125
1 0.5746539729036984 0.54351806640625 0.14143170999633833 0.030517578125
1 0.41216770413767856 0.54061767578125 0.13319296960820212 0.03875732421875
1 0.5126327352618089 0.72967529296875 0.14646649578908824 0.025634765625
1 0.6984621017942145 0.72509765625 0.13822775540095203 0.0323486328125
1 0.8760527279384841 0.72479248046875 0.1144269498352252 0.032958984375
0 0.8790296594653974 0.569609375 0.08009886488465763 0.01861572265625
0 0.7165433906993776 0.5694580078125 0.0636213841083852 0.0177001953125
0 0.5535994141340169 0.56930419921875 0.0627059685097034 0.01739501953125
0 0.39569022336140613 0.56930419921875 0.061790552911021604 0.01678466796875
0 0.5018784328084951 0.7513427734375 0.08009886488465763 0.01708984375
0 0.6906810692054193 0.75118896484375 0.08147198828268033 0.01800537109375
0 0.8781142438667155 0.75118896484375 0.08192969608202123 0.01800537109375
0 0.24693518857561333 0.56900146484375 0.061790552911021604 0.01800537109375
0 0.30597949469058955 0.75164794921875 0.08009886488465763 0.018310546875
0 0.11259611863786159 0.7513427734375 0.08055657268399853 0.0177001953125
0 0.10458806298059319 0.56915283203125 0.0627059685097034 0.018310546875
1 0.10801904064445259 0.54123046875 0.10710362504577078 0.03265380859375
1 0.2560893445624313 0.549775390625 0.1176309044306115 0.01739501953125
1 0.13616990113511535 0.72891357421875 0.16797876235811057 0.02410888671875
1 0.3062065177590626 0.7212841796875 0.1217502746246796 0.03509521484375