1 0.33092273892347124 0.244599609375 0.1190040278286342 0.02471923828125
1 0.5160673745880631 0.24017333984375 0.13410838520688392 0.03173828125
1 0.6911387770047601 0.2409375 0.13639692420358843 0.03326416015625
1 0.8630098864884658 0.24002197265625 0.1203771512266569 0.03326416015625
1 0.8755950201391431 0.40786865234375 0.14646649578908824 0.03204345703125
1 0.6957158549981691 0.4148876953125 0.14829732698645184 0.01800537109375
1 0.5124057121933359 0.40802001953125 0.1139692420358843 0.0323486328125
1 0.35335042109117537 0.4112255859375 0.16294397656536067 0.02410888671875
0 0.3222262907359941 0.26687744140625 0.0613328451116807 0.01861572265625
0 0.49935920908092274 0.26626708984375 0.0631636763090443 0.01739501953125
0 0.6831307213474918 0.266572265625 0.08009886488465763 0.01678466796875
0 0.8625521786891249 0.26626708984375 0.08192969608202123 0.01739501953125
0 0.862094470889784 0.433349609375 0.08101428048333943 0.01708984375
0 0.68221530574881 0.43350341796875 0.08192969608202123 0.01800537109375
0 0.5151519589893813 0.43365478515625 0.08192969608202123 0.0177001953125
0 0.33183815452215304 0.433349609375 0.08147198828268033 0.0189208984375
0 0.33229586232149394 0.60333251953125 0.08055657268399853 0.0177001953125
0 0.4991321860124497 0.6036376953125 0.0636213841083852 0.018310546875
0 0.6824423288172831 0.60333251953125 0.08147198828268033 0.01708984375
0 0.8623214939582571 0.6036376953125 0.07964115708531673 0.0164794921875
0 0.8627792017575979 0.7696533203125 0.08055657268399853 0.01708984375
0 0.6824423288172831 0.76980712890625 0.08238740388136213 0.01678466796875
0 0.4986744782131088 0.76980712890625 0.061790552911021604 0.01739501953125
0 0.3325265470523618 0.76980712890625 0.08009886488465763 0.01678466796875
1 0.33092273892347124 0.74783447265625 0.1162577810325888 0.02410888671875
1 0.4995898938117906 0.74722412109375 0.10023800805565727 0.02288818359375
1 0.6751190040278287 0.74859619140625 0.10344196265104358 0.0225830078125
1 0.8657561332845112 0.74798583984375 0.12861589161479312 0.0244140625
1 0.8614060783595753 0.58120849609375 0.1180886122299524 0.02471923828125
1 0.6774075430245331 0.5816650390625 0.10893445624313439 0.0244140625
1 0.5101171731966313 0.57693603515625 0.1212925668253387 0.03143310546875
1 0.33778835591358475 0.5810546875 0.13365067740754302 0.0244140625
1 0.8625521786891249 0.91156005859375 0.1203771512266569 0.032958984375
1 0.6758073965580373 0.91201904296875 0.10847674844379349 0.03265380859375
1 0.5011900402782864 0.9161376953125 0.10435737824972538 0.0238037109375
1 0.33298059318930795 0.91629150390625 0.1222079824240205 0.02349853515625
0 0.3217685829366532 0.9391796875 0.0613328451116807 0.01800537109375
0 0.49844379348224094 0.93902587890625 0.0631636763090443 0.0177001953125
0 0.6829000366166239 0.9385693359375 0.08147198828268033 0.01678466796875
0 0.8618637861589161 0.93887451171875 0.08147198828268033 0.01739501953125