1 0.34785792749908456 0.22705078125 0.11168070303917979 0.0244140625
1 0.5352911021603809 0.2272021484375 0.10756133284511168 0.02410888671875
1 0.7128817283046504 0.2272021484375 0.10573050164774808 0.02410888671875
1 0.8719333577444159 0.2272021484375 0.0576711827169535 0.02410888671875
1 0.8767411204686928 0.39566162109375 0.08101428048333943 0.03265380859375
1 0.7222629073599414 0.400849609375 0.15562065177590625 0.02349853515625
1 0.5332295862321494 0.39581298828125 0.11076528744049799 0.03173828125
1 0.3398498718418162 0.4002392578125 0.08742218967411204 0.02349853515625
1 0.340765287440498 0.53497314453125 0.08192969608202123 0.0311279296875
1 0.5432991578176493 0.538330078125 0.1144269498352252 0.0244140625
1 0.7229512998901502 0.53360107421875 0.12312339802270231 0.03509521484375
1 0.8904723544489198 0.53421142578125 0.10023800805565727 0.03387451171875
1 0.9014573416331014 0.7183837890625 0.12312339802270231 0.0250244140625
1 0.7044123031856463 0.7183837890625 0.07872574148663493 0.0262451171875
1 0.5318564628341267 0.71487548828125 0.09154155986818015 0.03387451171875
1 0.3721164408641523 0.71868896484375 0.10435737824972538 0.0244140625
1 0.8877261076528744 0.88180419921875 0.09016843647015745 0.03387451171875
1 0.7254668619553277 0.88226318359375 0.09703405346027097 0.032958984375
1 0.5515378982057855 0.8778369140625 0.11076528744049799 0.04180908203125
1 0.40209813255217874 0.88668701171875 0.1194617356279751 0.02593994140625
1 0.23732332478945442 0.90621826171875 0.07460637129256682 0.02532958984375
1 0.08627975100695716 0.59768798828125 0.09291468326620285 0.04302978515625
1 0.08421823507872574 0.44326904296875 0.08604906627608934 0.02532958984375
1 0.08009886488465763 0.28457763671875 0.08055657268399853 0.02410888671875
0 0.3512925668253387 0.24932861328125 0.08284511168070303 0.018310546875
0 0.5410106188209447 0.2496337890625 0.08330281948004394 0.01708984375
0 0.718831929696082 0.249482421875 0.08376052727938484 0.01739501953125
0 0.8936763090443062 0.24932861328125 0.0627059685097034 0.0164794921875
0 0.8966495789088246 0.42251708984375 0.07964115708531673 0.01739501953125
0 0.6938850238008055 0.4234326171875 0.06407909190772611 0.01861572265625
0 0.5284254851702673 0.4222119140625 0.061790552911021604 0.01861572265625
0 0.3565543756865617 0.422822265625 0.08147198828268033 0.01800537109375
0 0.34419626510435736 0.5615234375 0.0585865983156353 0.01708984375
0 0.5313987550347858 0.5625927734375 0.0604174295129989 0.01861572265625
0 0.7071585499816917 0.561982421875 0.0613328451116807 0.01739501953125
0 0.88543756865617 0.56243896484375 0.0608751373123398 0.018310546875
0 0.8909300622482608 0.58853271484375 0.0627059685097034 0.01678466796875
0 0.7119663127059686 0.5894482421875 0.061790552911021604 0.01739501953125
0 0.5371219333577445 0.58868408203125 0.0608751373123398 0.01708984375
0 0.34923105089710726 0.5889892578125 0.062248260710362505 0.0177001953125
0 0.3732588795313072 0.7408154296875 0.07735261808861223 0.01495361328125
0 0.5394104723544489 0.740966796875 0.07826803368729403 0.0152587890625
0 0.719289637495423 0.74051025390625 0.07643720248993043 0.01556396484375
0 0.8879531307213475 0.74127197265625 0.0585865983156353 0.01708984375
0 0.3796704503844746 0.76828125 0.07826803368729403 0.01617431640625
0 0.5442145734163311 0.76812744140625 0.07872574148663493 0.0177001953125
0 0.723866715488832 0.7684326171875 0.07918344928597583 0.0177001953125
0 0.8929879165140974 0.76828125 0.0631636763090443 0.01739501953125
0 0.8881838154522154 0.9100341796875 0.0590443061149762 0.0164794921875
0 0.8929879165140974 0.93658447265625 0.0613328451116807 0.0164794921875
0 0.7359941413401684 0.93643310546875 0.07597949469058952 0.01739501953125
0 0.7302746246796046 0.909423828125 0.07460637129256682 0.018310546875
0 0.5414683266202857 0.90957763671875 0.0576711827169535 0.01678466796875
0 0.5460454046136947 0.9368896484375 0.0613328451116807 0.01708984375
0 0.387678506041743 0.9098828125 0.0604174295129989 0.01678466796875
0 0.39202856096667893 0.93643310546875 0.0608751373123398 0.01678466796875
0 0.2547162211644086 0.9295654296875 0.07460637129256682 0.01708984375
0 0.25952032222629073 0.95672607421875 0.07781032588795313 0.01708984375
0 0.09786525082387403 0.62955078125 0.0585865983156353 0.016201171875
0 0.10019772976931526 0.653076171875 0.06191504943244233 0.0166455078125
0 0.10652142072500917 0.46630859375 0.07656169901135115 0.015537109375
0 0.09969608202123764 0.49005615234375 0.060252654705236185 0.01597900390625
0 0.09487001098498718 0.30728515625 0.06124862687660198 0.01531494140625
0 0.0980336872940315 0.331142578125 0.059586232149395825 0.01642333984375