1 0.1193289224952741 0.20061436672967864 0.11483931947069943 0.03229363579080025
0 0.11070415879017013 0.2283396345305608 0.06167296786389414 0.017800882167611845
1 0.31450850661625707 0.20014177693761814 0.1280718336483932 0.0335538752362949
1 0.501890359168242 0.20423755513547573 0.14650283553875237 0.025362318840579712
0 0.299031190926276 0.2283396345305608 0.06309073724007562 0.017800882167611845
0 0.48783081285444235 0.22802457466918716 0.07915879017013233 0.017485822306238186
1 0.6713137996219282 0.20006301197227475 0.1271266540642722 0.03497164461247637
1 0.8726370510396976 0.20108695652173914 0.13657844990548204 0.03292375551354757
0 0.8634215500945179 0.2283396345305608 0.07986767485822306 0.017485822306238186
0 0.6661153119092628 0.22818210459987398 0.08175803402646503 0.017800882167611845
1 0.8648393194706995 0.38130119722747324 0.1224007561436673 0.017800882167611845
1 0.6707230623818525 0.3790957781978576 0.12358223062381853 0.02252678008821676
0 0.6584357277882797 0.4017013232514178 0.05931001890359168 0.017958412098298678
0 0.8521975425330813 0.40162255828607435 0.060727788279773154 0.017800882167611845
1 0.4964555765595463 0.375 0.14319470699432893 0.03134845620667927
1 0.3165170132325142 0.3765752993068683 0.15430056710775047 0.022841839949590423
0 0.29820415879017015 0.4017013232514178 0.07986767485822306 0.018273471959672338
0 0.48381379962192816 0.4017013232514178 0.0805765595463138 0.017328292375551356
1 0.11448487712665406 0.37933207309388783 0.12310964083175803 0.023944549464398234
0 0.10148865784499055 0.40162255828607435 0.06167296786389414 0.017485822306238186
1 0.11566635160680529 0.5530088216761184 0.1301984877126654 0.02252678008821676
1 0.30482041587901704 0.552536231884058 0.14933837429111532 0.024102079395085067
0 0.0997164461247637 0.5758506616257089 0.06190926275992439 0.017485822306238186
0 0.27823724007561434 0.575693131695022 0.06120037807183365 0.018115942028985508
0 0.6545368620037807 0.5756143667296786 0.0609640831758034 0.017643352236925015
0 0.47400756143667294 0.5755356017643353 0.06049149338374291 0.017485822306238186
1 0.4952741020793951 0.5535601764335224 0.14177693761814744 0.024259609325771897
1 0.6821833648393195 0.5556868304977945 0.15217391304347827 0.016855702583490863
1 0.8816162570888468 0.5478890989287964 0.14886578449905483 0.03276622558286074
0 0.8751181474480151 0.5756143667296786 0.09948015122873347 0.017643352236925015
1 0.8923676748582231 0.7552772526780088 0.10184310018903592 0.03260869565217391
1 0.7370037807183365 0.756064902331443 0.14555765595463138 0.0335538752362949
0 0.7219990548204159 0.7828449905482041 0.08152173913043478 0.017800882167611845
0 0.9004017013232514 0.7827662255828608 0.07868620037807184 0.017643352236925015
1 0.5665170132325141 0.7606332703213611 0.1254725897920605 0.023156899810964082
1 0.41457939508506614 0.7605545053560177 0.10137051039697542 0.023629489603024575
0 0.4224952741020794 0.7828449905482041 0.08270321361058601 0.018115942028985508
0 0.5623818525519849 0.7828449905482041 0.08175803402646503 0.017800882167611845
1 0.2700850661625709 0.7558286074354127 0.11862003780718336 0.03245116572148708
1 0.12440926275992438 0.7574826717076244 0.13870510396975425 0.029458097038437304
0 0.1027882797731569 0.7830812854442344 0.062381852551984876 0.017328292375551356
0 0.26878544423440454 0.783002520478891 0.08199432892249528 0.017800882167611845