1 0.3374119391916945 0.1461181640625 0.10085279940674824 0.024658203125
1 0.5283648498331479 0.140869140625 0.13867259918427882 0.03466796875
1 0.7093066370040786 0.1466064453125 0.11865035224323323 0.025146484375
1 0.8824619948090471 0.14599609375 0.12606599925843529 0.02392578125
1 0.8980348535409715 0.2904052734375 0.14312198739340007 0.034912109375
1 0.71431219873934 0.2940673828125 0.1538746755654431 0.027587890625
1 0.5218761586948462 0.2977294921875 0.11531331108639228 0.024658203125
1 0.3477938450129774 0.2928466796875 0.12903225806451613 0.035400390625
1 0.35836114200964037 0.4495849609375 0.1560993696700037 0.023681640625
1 0.5274378939562476 0.4444580078125 0.11012235817575083 0.035400390625
1 0.7089358546533185 0.4501953125 0.11123470522803114 0.0244140625
1 0.8980348535409715 0.44921875 0.14979606970708195 0.025390625
1 0.882276603633667 0.6124267578125 0.10048201705598814 0.026611328125
1 0.7154245457916203 0.6080322265625 0.1353355580274379 0.033935546875
1 0.5383759733036707 0.6082763671875 0.14238042269187987 0.035888671875
1 0.3555802743789396 0.609130859375 0.14089729328883946 0.03369140625
1 0.34872080088987767 0.7652587890625 0.11234705228031146 0.025634765625
1 0.5396737115313311 0.7652587890625 0.13162773451983686 0.025634765625
1 0.7189469781238413 0.764892578125 0.135706340378198 0.02490234375
1 0.8961809417871709 0.7662353515625 0.12309974045235447 0.024169921875
1 0.89265850945495 0.919921875 0.12421208750463478 0.033203125
1 0.7447163515016685 0.9154052734375 0.12643678160919541 0.044189453125
1 0.5939933259176863 0.9239501953125 0.11049314052651094 0.026123046875
1 0.4529106414534668 0.9168701171875 0.12940304041527623 0.037841796875
1 0.2853170189098999 0.9403076171875 0.09529106414534669 0.024169921875
0 0.299962921764924 0.9656982421875 0.08453837597330367 0.018798828125
0 0.43993325917686316 0.9468994140625 0.06340378197997776 0.017822265625
0 0.6019651464590285 0.9471435546875 0.08342602892102335 0.018310546875
0 0.7332220986281053 0.947509765625 0.06562847608453838 0.0185546875
0 0.89302929180571 0.9471435546875 0.08268446421950315 0.017822265625
0 0.896366332962551 0.788330078125 0.08565072302558398 0.0185546875
0 0.7011494252873564 0.788330078125 0.06599925843529848 0.01904296875
0 0.5361512791991101 0.7882080078125 0.08231368186874305 0.017822265625
0 0.3548387096774194 0.788818359375 0.08305524657026325 0.0185546875
0 0.3468668891360771 0.6361083984375 0.08565072302558398 0.018798828125
0 0.5185391175380052 0.6358642578125 0.06340378197997776 0.017822265625
0 0.7080088987764183 0.6358642578125 0.0863922877271042 0.017822265625
0 0.8943270300333704 0.6363525390625 0.08305524657026325 0.017822265625
0 0.8843159065628476 0.4720458984375 0.08527994067482388 0.018310546875
0 0.7154245457916203 0.472412109375 0.08490915832406377 0.0185546875
0 0.5352243233222098 0.471923828125 0.08490915832406377 0.01806640625
0 0.3439006303299963 0.4718017578125 0.08194289951798295 0.017822265625
0 0.3442714126807564 0.3197021484375 0.08416759362254357 0.017822265625
0 0.5155728587319244 0.3193359375 0.06488691138301816 0.01806640625
0 0.6987393400074157 0.3199462890625 0.08565072302558398 0.018310546875
0 0.8789395624768261 0.319580078125 0.06488691138301816 0.01806640625
0 0.8817204301075269 0.168212890625 0.08527994067482388 0.0185546875
0 0.7106043752317389 0.1683349609375 0.08490915832406377 0.017822265625
0 0.5222469410456062 0.1680908203125 0.08416759362254357 0.017822265625
0 0.3375973303670745 0.1680908203125 0.06488691138301816 0.017822265625