1 0.12188235294117647 0.15210135571336345 0.14534313725490197 0.029893479664299547
0 0.11215441176470588 0.17847643641058747 0.08239950980392156 0.017835700451904454
1 0.3067083333333333 0.15524047772756616 0.14725 0.025119431891542927
0 0.29373774509803924 0.17822627501613944 0.08545098039215686 0.018337637185280826
1 0.49611274509803927 0.15097159457714654 0.1552622549019608 0.03215300193673338
0 0.4696004901960784 0.17847643641058747 0.06408823529411765 0.018337637185280826
1 0.6544264705882353 0.15373466752743706 0.10185539215686275 0.024115558424790184
0 0.6542352941176471 0.17847643641058747 0.06408823529411765 0.018337637185280826
1 0.1144436274509804 0.30571013557133636 0.13962009803921568 0.02361200774693351
0 0.09651470588235293 0.3310813428018076 0.06256127450980392 0.017081988379599743
1 0.29481862745098036 0.3075710135571336 0.11134558823529413 0.024901549386701097
0 0.3009460784313725 0.33120400258231114 0.08158333333333334 0.017291801162040026
1 0.4772401960784314 0.3036523563589413 0.11554656862745098 0.03181730148482892
0 0.47111274509803924 0.3315510006455778 0.06267401960784313 0.017522595222724337
1 0.6449583333333333 0.30353615235635895 0.11484558823529412 0.031126533247256297
0 0.6384803921568627 0.33108941252420915 0.063375 0.017984183344092963
1 0.1284313725490196 0.4486765655261459 0.1514705882352941 0.02356358941252421
1 0.30637254901960786 0.44714331826985154 0.13578431372549019 0.02275661717236927
0 0.11495098039215686 0.4721594577146546 0.08186274509803922 0.01694641704325371
0 0.28921568627450983 0.4721594577146546 0.062254901960784315 0.017591994835377663
1 0.4970588235294118 0.44415752098127825 0.14852941176470588 0.03389283408650742
1 0.6573529411764706 0.4491607488702389 0.13431372549019607 0.024531956100710135
0 0.4834558823529412 0.47191736604260814 0.0840686274509804 0.017430600387346677
0 0.6415441176470589 0.4724015493867011 0.06102941176470588 0.017753389283408652
1 0.1071078431372549 0.6049870884441575 0.12156862745098039 0.03050355067785668
0 0.10784313725490197 0.6317785668173015 0.08235294117647059 0.017269205939315687
1 0.304656862745098 0.6058747579083279 0.13431372549019607 0.030987734021949646
0 0.29877450980392156 0.6317785668173015 0.08186274509803922 0.017269205939315687
1 0.4769607843137255 0.6107165913492576 0.13137254901960785 0.018076178179470628
1 0.6563725490196078 0.6083763718528082 0.13872549019607844 0.023402194964493223
0 0.4618872549019608 0.6317785668173015 0.06151960784313725 0.017914783731439638
0 0.6365196078431372 0.631536475145255 0.0642156862745098 0.018398967075532603
1 0.6424019607843138 0.7677533892834086 0.10196078431372549 0.025177533892834086
1 0.4732843137254902 0.7681568754034861 0.10441176470588236 0.025661717236927048
0 0.47095588235294117 0.7917204648160103 0.06397058823529411 0.017914783731439638
0 0.6416666666666667 0.7918818592640413 0.06323529411764706 0.018237572627501614
1 0.29816176470588235 0.7679954809554551 0.13504901960784313 0.025338928340865076
1 0.11433823529411764 0.768641058747579 0.11887254901960784 0.02437056165267915
0 0.11642156862745098 0.7918818592640413 0.08186274509803922 0.017914783731439638
0 0.29191176470588237 0.7920432537120723 0.08186274509803922 0.017914783731439638
1 0.10870098039215687 0.9264848289218851 0.11151960784313726 0.0250161394448031
1 0.285906862745098 0.9230148482892189 0.14730392156862746 0.03227888960619755
0 0.10404411764705883 0.9506132989025178 0.06151960784313725 0.017430600387346677
0 0.26262254901960785 0.9506132989025178 0.06299019607843137 0.017430600387346677
1 0.4321078431372549 0.9261620400258231 0.10245098039215686 0.0250161394448031
0 0.43161764705882355 0.9503712072304713 0.06372549019607843 0.017914783731439638
1 0.5955882352941176 0.9306810845706908 0.14215686274509803 0.0250161394448031
0 0.575 0.953921885087153 0.06323529411764706 0.018237572627501614
1 0.7626225490196078 0.9329406068431246 0.1036764705882353 0.040510006455777924
0 0.7623774509803921 0.9640897353131053 0.06102941176470588 0.017269205939315687