1 0.3284511168070304 0.2425537109375 0.11424386671548883 0.024658203125
1 0.49285975833028195 0.243408203125 0.11058220432076163 0.0234375
1 0.6869278652508238 0.2391357421875 0.13181984621017942 0.031005859375
1 0.8610399121201026 0.2430419921875 0.140241669718052 0.024658203125
1 0.8579274990845844 0.41162109375 0.13255217868912486 0.02490234375
1 0.69516660563896 0.4083251953125 0.15195898938117905 0.033935546875
1 0.5254485536433541 0.4114990234375 0.14866349322592456 0.023681640625
1 0.3418161845477847 0.41162109375 0.1475649945075064 0.025390625
1 0.3409007689491029 0.579345703125 0.1384108385206884 0.0244140625
1 0.5049432442328817 0.5751953125 0.13474917612596118 0.03173828125
1 0.6752105455876968 0.5758056640625 0.10765287440497986 0.031982421875
1 0.8522519223727573 0.5797119140625 0.12193335774441597 0.023193359375
1 0.85060417429513 0.7447509765625 0.11937019406810692 0.032958984375
1 0.6807030391797876 0.7484130859375 0.12010252654705236 0.024169921875
1 0.5095203222262907 0.7481689453125 0.1439033321127792 0.024658203125
1 0.328268033687294 0.7481689453125 0.11314536799707067 0.024169921875
1 0.34053460270963015 0.9124755859375 0.1369461735627975 0.031005859375
1 0.5172098132552179 0.914306640625 0.11827169534968876 0.02392578125
1 0.7002929329915781 0.9068603515625 0.15928231417063346 0.043701171875
1 0.8478579274990846 0.9154052734375 0.08238740388136213 0.023193359375
0 0.33174661296228486 0.938720703125 0.08055657268399853 0.01806640625
0 0.5075064079091908 0.938232421875 0.062248260710362505 0.0185546875
0 0.6704503844745514 0.9384765625 0.062248260710362505 0.0185546875
0 0.8553643354082754 0.9383544921875 0.062248260710362505 0.018310546875
0 0.8409007689491029 0.770751953125 0.061882094470889784 0.01806640625
0 0.670267301354815 0.7708740234375 0.06261442694983523 0.018310546875
0 0.4879165140974002 0.7705078125 0.061882094470889784 0.01806640625
0 0.32112779201757596 0.7708740234375 0.06298059318930795 0.018798828125
0 0.3203954595386305 0.6021728515625 0.06371292566825339 0.017822265625
0 0.4870010984987184 0.6016845703125 0.062248260710362505 0.018310546875
0 0.6700842182350787 0.601806640625 0.062248260710362505 0.01806640625
0 0.8403515195898938 0.6019287109375 0.06298059318930795 0.018310546875
0 0.841450018308312 0.43408203125 0.06078359575247162 0.01806640625
0 0.6708165507140241 0.4349365234375 0.061515928231417064 0.018310546875
0 0.5106188209447089 0.434326171875 0.08019040644452581 0.017578125
0 0.3279018674478213 0.4345703125 0.07945807396558037 0.01806640625
0 0.33138044672281214 0.264892578125 0.08128890516294397 0.017578125
0 0.49707067008421824 0.2646484375 0.08238740388136213 0.01806640625
0 0.6803368729403149 0.2646484375 0.08202123764188941 0.01806640625
0 0.8509703405346027 0.2647705078125 0.08055657268399853 0.017822265625