1 0.10456049149338374 0.17225897920604916 0.09948015122873347 0.03386893509766856
0 0.0991257088846881 0.2003780718336484 0.0583648393194707 0.01606805293005671
0 0.10373345935727789 0.22763074984247006 0.05954631379962193 0.016698172652804034
1 0.32561436672967864 0.203528670447385 0.14366729678638943 0.03749212350346566
1 0.5179584120982986 0.21014492753623187 0.1266540642722117 0.022999369880277253
0 0.31379962192816635 0.2335381222432262 0.07892249527410208 0.017485822306238186
0 0.5122873345935728 0.23361688720856963 0.08081285444234404 0.017328292375551356
1 0.6986058601134215 0.16824196597353497 0.09380907372400756 0.04064272211720227
1 0.8820888468809074 0.17375551354757404 0.08175803402646503 0.031190926275992438
0 0.8863421550094518 0.2003780718336484 0.055765595463137994 0.016698172652804034
0 0.8908317580340265 0.22770951480781348 0.058128544423440454 0.017170762444864523
0 0.7056947069943289 0.20029930686830497 0.07396030245746692 0.01622558286074354
0 0.7106568998109641 0.2273944549464398 0.07585066162570889 0.01622558286074354
1 0.8972117202268431 0.3709829867674858 0.11814744801512288 0.03245116572148708
1 0.7111294896030246 0.3749212350346566 0.12216446124763705 0.023944549464398234
0 0.8825614366729678 0.3983931947069943 0.058128544423440454 0.016698172652804034
0 0.8881143667296786 0.4251732829237555 0.05931001890359168 0.01638311279143037
0 0.7035680529300568 0.39784183994959044 0.07348771266540642 0.015595463137996219
0 0.7090028355387523 0.4254095778197858 0.07585066162570889 0.016855702583490863
1 0.3174621928166352 0.3709042218021424 0.1353969754253308 0.03260869565217391
1 0.4995274102079395 0.3718494013862634 0.08223062381852551 0.030403276622558286
0 0.5024810964083176 0.39831442974165093 0.057892249527410206 0.015910522999369882
0 0.5082703213610587 0.4257246376811594 0.058128544423440454 0.016855702583490863
0 0.3030482041587902 0.397763074984247 0.07443289224952741 0.01543793320730939
0 0.30860113421550095 0.4254095778197858 0.07750472589792061 0.016855702583490863
0 0.10845935727788279 0.39807813484562066 0.07325141776937619 0.01543793320730939
0 0.11436672967863894 0.4254095778197858 0.07561436672967864 0.017170762444864523
1 0.09534499054820415 0.3750787649653434 0.08010396975425331 0.024574669187145556
1 0.12263705103969755 0.5404851921865155 0.1446124763705104 0.024574669187145556
1 0.3275047258979206 0.5740390674228103 0.15264650283553874 0.022999369880277253
0 0.09510869565217392 0.5641934467548835 0.057892249527410206 0.0165406427221172
0 0.10030718336483932 0.5908160050409578 0.05931001890359168 0.0165406427221172
0 0.30954631379962194 0.5970384373030876 0.08128544423440454 0.017328292375551356
0 0.7060491493383743 0.5912885948330183 0.05954631379962193 0.017485822306238186
0 0.5148865784499055 0.5970384373030876 0.08175803402646503 0.017643352236925015
1 0.7242438563327032 0.5374133585381222 0.13468809073724008 0.030403276622558286
1 0.5193761814744802 0.5695494643982356 0.1271266540642722 0.03260869565217391
0 0.7015595463137996 0.5641934467548835 0.058128544423440454 0.016855702583490863
1 0.8903591682419659 0.5405639571518589 0.09640831758034027 0.02473219911783239
0 0.8864603024574669 0.56411468178954 0.0583648393194707 0.016698172652804034
0 0.8914224952741021 0.5908947700063012 0.060255198487712665 0.017013232514177693
1 0.8839792060491494 0.7633112791430372 0.10160680529300567 0.03292375551354757
0 0.8929584120982986 0.790406427221172 0.07892249527410208 0.017485822306238186
1 0.7189272211720227 0.7685097668557026 0.13917769376181474 0.02252678008821676
1 0.5184310018903592 0.7618935097668557 0.12381852551984877 0.03449905482041588
0 0.525992438563327 0.7905639571518589 0.10066162570888469 0.018115942028985508
0 0.7078213610586012 0.7903276622558286 0.08246691871455576 0.017643352236925015
1 0.31947069943289225 0.7267643352236925 0.1327977315689981 0.038594833018273475
1 0.1245274102079395 0.7643352236925016 0.13799621928166353 0.030560806553245116
0 0.10420604914933837 0.7905639571518589 0.06190926275992439 0.017800882167611845
0 0.2970226843100189 0.7576402016383113 0.058128544423440454 0.016855702583490863
0 0.3028119092627599 0.7847353497164461 0.059782608695652176 0.017485822306238186