1 0.12103991212010252 0.20534912109375 0.13303917978762358 0.033095703125
1 0.31876968143537165 0.21023193359375 0.14117905529110217 0.0249560546875
1 0.5081581838154522 0.20534912109375 0.1440241669718052 0.03200927734375
1 0.5073452947638227 0.36037841796875 0.1415854998169169 0.03173828125
1 0.3106298059318931 0.3620068359375 0.12571585499816917 0.02414306640625
1 0.12551446356645915 0.355224609375 0.1460600512632735 0.0409619140625
0 0.1135115342365434 0.2326123046875 0.0854375686561699 0.018173828125
0 0.298630538264372 0.233017578125 0.06428414500183083 0.01790283203125
0 0.48638960087879896 0.2326123046875 0.06062248260710362 0.01708984375
0 0.4857817649212743 0.38601318359375 0.06265470523617724 0.01736083984375
0 0.2978139875503479 0.3864208984375 0.06346759428780667 0.0176318359375
0 0.10212010252654705 0.3862841796875 0.06346759428780667 0.01736083984375
0 0.6751702673013549 0.38587890625 0.06387403881362139 0.018173828125
0 0.8802233614060783 0.38655517578125 0.08096301720981326 0.018447265625
0 0.8680190406444526 0.23234130859375 0.06306114976199194 0.01708984375
0 0.6835115342365434 0.2320703125 0.08381179055291102 0.018173828125
1 0.6934785792749909 0.201552734375 0.140362504577078 0.040146484375
1 0.8865287440497986 0.2007373046875 0.13588795313072136 0.04123291015625
1 0.8729000366166239 0.36376953125 0.10618820944708898 0.0244140625
1 0.6963273526180886 0.36539794921875 0.14117905529110217 0.02115966796875
1 0.5173123398022702 0.55012939453125 0.1362943976565361 0.0336376953125
1 0.6910362504577078 0.55447021484375 0.12164774807762725 0.023330078125
1 0.8883595752471622 0.55745361328125 0.1314134016843647 0.01953125
1 0.882255584035152 0.736220703125 0.11676675210545587 0.01736083984375
1 0.7296887586964482 0.72916748046875 0.1387367264738191 0.029296875
1 0.5734566093006225 0.7268603515625 0.12978396191871108 0.0322802734375
0 0.8745258147198828 0.57712158203125 0.06062248260710362 0.01708984375
0 0.6804577077993409 0.57698486328125 0.062248260710362505 0.018447265625
0 0.4983925302087147 0.57698486328125 0.06265470523617724 0.01736083984375
0 0.5681691688026365 0.75453125 0.07933723910655437 0.01708984375
0 0.710362504577078 0.7549365234375 0.06346759428780667 0.01736083984375
0 0.874119370194068 0.75466552734375 0.062248260710362505 0.01790283203125
0 0.39871475649945076 0.75453125 0.08055657268399853 0.0176318359375
0 0.2341413401684365 0.75480224609375 0.062248260710362505 0.018173828125
0 0.10395093372391065 0.75480224609375 0.06062248260710362 0.01708984375
0 0.11086781398755034 0.57657958984375 0.08015012815818381 0.01708984375
0 0.2967997070670084 0.577255859375 0.062248260710362505 0.01681884765625
1 0.12693885023800805 0.55419921875 0.15216404247528378 0.0244140625
1 0.3232442328817283 0.5543359375 0.15175393628707434 0.02468505859375
1 0.09642255584035152 0.72781005859375 0.08787989747345294 0.03255126953125
1 0.24553643354082752 0.7317431640625 0.12246063712925669 0.02360107421875
1 0.41661662394727206 0.72767578125 0.15623214939582572 0.032822265625