1 0.09325980392156863 0.30188831504196256 0.09534313725490196 0.024693350548741125
1 0.2772058823529412 0.3017269205939316 0.11372549019607843 0.026630083925112975
1 0.6464460784313726 0.3039057456423499 0.10661764705882353 0.02485474499677211
1 0.45906862745098037 0.30350225952227244 0.10294117647058823 0.025338928340865076
0 0.6551470588235294 0.32698515171078113 0.08333333333333333 0.018076178179470628
0 0.46911764705882353 0.32698515171078113 0.0838235294117647 0.018076178179470628
0 0.28137254901960784 0.32698515171078113 0.08431372549019608 0.01872175597159458
0 0.09620098039215687 0.32674306003873466 0.06348039215686274 0.018237572627501614
0 0.27181372549019606 0.4908005164622337 0.06323529411764706 0.018398967075532603
0 0.10686274509803921 0.4909619109102647 0.08186274509803922 0.018398967075532603
0 0.6493872549019608 0.4908005164622337 0.08455882352941177 0.018076178179470628
0 0.4649509803921569 0.4908812136862492 0.0642156862745098 0.017914783731439638
1 0.6512254901960784 0.46885087153001936 0.12450980392156863 0.016785022595222725
1 0.45526960784313725 0.4658650742414461 0.08259803921568627 0.02437056165267915
1 0.29901960784313725 0.46667204648160104 0.1568627450980392 0.024693350548741125
1 0.10392156862745099 0.4657036797934151 0.11960784313725491 0.02437056165267915
1 0.11495098039215686 0.6266946417043253 0.13186274509803922 0.018398967075532603
1 0.2883578431372549 0.6216107165913493 0.11936274509803922 0.02695287282117495
1 0.6604166666666667 0.6190284054228534 0.1232843137254902 0.03405422853453841
1 0.47634803921568625 0.6229825693996126 0.11838235294117647 0.025823111684958037
0 0.6517156862745098 0.6471917366042608 0.06323529411764706 0.018398967075532603
0 0.4689950980392157 0.6470303421562298 0.06348039215686274 0.018398967075532603
0 0.27904411764705883 0.6470303421562298 0.06397058823529411 0.019044544867656554
0 0.11115196078431372 0.6468689477081988 0.0840686274509804 0.018398967075532603
0 0.1053921568627451 0.8020497094899935 0.06323529411764706 0.018237572627501614
0 0.27794117647058825 0.8020497094899935 0.06372549019607843 0.018883150419625565
0 0.6327205882352941 0.8018883150419626 0.06397058823529411 0.01856036152356359
0 0.46017156862745096 0.802453195610071 0.0644607843137255 0.018076178179470628
1 0.6424019607843138 0.7741284699806327 0.12205882352941176 0.03340865074241446
1 0.4583333333333333 0.7796965784377018 0.09852941176470588 0.02485474499677211
1 0.29191176470588237 0.7788089089735313 0.13137254901960785 0.02437056165267915
1 0.11519607843137254 0.7759038089089735 0.12352941176470589 0.025984506132989024
1 0.09375 0.9251936733376371 0.07965686274509803 0.023402194964493223
1 0.27622549019607845 0.9197869593285991 0.10588235294117647 0.03486120077469335
0 0.11568627450980393 0.9498870238863784 0.08333333333333333 0.018237572627501614
0 0.2758578431372549 0.9497256294383474 0.0625 0.018237572627501614
0 0.42892156862745096 0.9498870238863784 0.061764705882352944 0.017914783731439638
0 0.5897058823529412 0.9496449322143318 0.06372549019607843 0.018398967075532603
1 0.4204656862745098 0.9268076178179471 0.08897058823529412 0.024047772756617174
1 0.5873774509803922 0.9268883150419626 0.09681372549019608 0.02420916720464816
1 0.7672794117647059 0.9399612653324726 0.11838235294117647 0.026791478373143964
0 0.7600490196078431 0.9638476436410588 0.06470588235294118 0.018398967075532603
1 0.08767892156862746 0.14973047127178826 0.09425245098039216 0.02420916720464816
1 0.2696078431372549 0.1505374435119432 0.09491911764705882 0.025235635894125245
1 0.4604509803921569 0.14342156229825695 0.09068627450980392 0.0359473854099419
1 0.6392598039215686 0.14943673337637184 0.09313725490196079 0.027437056165267915
0 0.6437156862745098 0.17342640413169785 0.06461764705882353 0.01819399612653325
0 0.464906862745098 0.17342640413169785 0.06439460784313726 0.018487734021949646
0 0.27328431372549017 0.17386539703034215 0.06439460784313726 0.018487734021949646
0 0.10193872549019609 0.1733521626856036 0.08400245098039216 0.018047127178825048