1 0.3546320029293299 0.2352294921875 0.13950933723910655 0.040283203125
1 0.5267301354815086 0.243896484375 0.14097400219699743 0.02490234375
1 0.6953496887586964 0.2440185546875 0.1332845111680703 0.024658203125
1 0.8374221896741121 0.2391357421875 0.08568290003661662 0.032470703125
1 0.8421823507872574 0.41357421875 0.10325887953130722 0.0185546875
1 0.6786891248626876 0.410400390625 0.11021603808128891 0.02392578125
1 0.5076894910289271 0.4061279296875 0.10216038081288906 0.031494140625
1 0.34474551446356644 0.4107666015625 0.1190040278286342 0.023681640625
1 0.33870377151226655 0.582763671875 0.10325887953130722 0.01806640625
1 0.5131819846210179 0.5751953125 0.115342365433907 0.03515625
1 0.6918711094837056 0.578125 0.12046869278652508 0.0244140625
1 0.8674478213108752 0.5777587890625 0.1208348590259978 0.023681640625
1 0.8582936653240572 0.7479248046875 0.13548150860490663 0.023681640625
1 0.6876601977297693 0.7479248046875 0.12742585133650677 0.024169921875
1 0.520322226290736 0.7481689453125 0.13474917612596118 0.024658203125
1 0.35243500549249357 0.74560546875 0.1277920175759795 0.0234375
1 0.3385206883925302 0.91650390625 0.10948370560234347 0.02490234375
1 0.5172098132552179 0.916015625 0.10362504577077994 0.025390625
1 0.7002929329915781 0.914306640625 0.14536799707067008 0.0244140625
1 0.8553643354082754 0.9163818359375 0.11570853167337972 0.023681640625
0 0.8568290003661663 0.939208984375 0.08202123764188941 0.0185546875
0 0.676858293665324 0.9390869140625 0.06334675942878067 0.018310546875
0 0.5239838886854632 0.9393310546875 0.08055657268399853 0.018310546875
0 0.33412669351885754 0.93896484375 0.061882094470889784 0.01806640625
0 0.33723910655437567 0.77001953125 0.062248260710362505 0.0185546875
0 0.5021969974368363 0.7705078125 0.06261442694983523 0.017578125
0 0.6841816184547784 0.7701416015625 0.08165507140241669 0.018310546875
0 0.8500549249359209 0.770263671875 0.08238740388136213 0.0185546875
0 0.8672647381911388 0.6019287109375 0.08019040644452581 0.017333984375
0 0.6913218601244965 0.601806640625 0.08055657268399853 0.01806640625
0 0.5062248260710362 0.6019287109375 0.061882094470889784 0.017333984375
0 0.3482240937385573 0.6021728515625 0.08128890516294397 0.018310546875
0 0.33357744415964846 0.43310546875 0.06298059318930795 0.01806640625
0 0.5064079091907726 0.4332275390625 0.062248260710362505 0.018798828125
0 0.6737458806298059 0.43310546875 0.06078359575247162 0.0185546875
0 0.8502380080556573 0.4332275390625 0.07982424020505309 0.018310546875
0 0.8549981691688027 0.266357421875 0.08055657268399853 0.01806640625
0 0.6885756133284511 0.26611328125 0.07945807396558037 0.0185546875
0 0.5058586598315635 0.2662353515625 0.06261442694983523 0.018798828125
0 0.3343097766385939 0.2662353515625 0.062248260710362505 0.018798828125