1 0.32300988648846574 0.23786376953125 0.10409740021969975 0.0341796875
1 0.5602343463932625 0.23908447265625 0.11822043207616258 0.0324365234375
1 0.7932735261808861 0.2373388671875 0.09677407543024534 0.03452880859375
1 0.8706920541926035 0.404052734375 0.12815818381545221 0.03941162109375
1 0.6991175393628707 0.4145166015625 0.13966678872207983 0.01848388671875
1 0.5233577444159648 0.41120361328125 0.13652874404979862 0.0237158203125
1 0.35858293665324054 0.41155029296875 0.13757231783229584 0.0237158203125
0 0.3311204686927865 0.26524169921875 0.08055657268399853 0.0177880859375
0 0.5615415598681801 0.26524169921875 0.08108019040644453 0.0177880859375
0 0.7958879531307214 0.26402099609375 0.062248260710362505 0.01674072265625
0 0.3512596118637861 0.4338720703125 0.08108019040644453 0.01743896484375
0 0.5045258147198828 0.43352294921875 0.0632954961552545 0.01674072265625
0 0.6797619919443427 0.4338720703125 0.0632954961552545 0.01743896484375
0 0.8657231783229586 0.4340478515625 0.08160380812889052 0.01848388671875
0 0.29270596850970343 0.60135009765625 0.08009886488465763 0.01739501953125
0 0.530483339436104 0.60257080078125 0.08147198828268033 0.01739501953125
0 0.7813072134749176 0.60089111328125 0.06499450750640791 0.0177001953125
0 0.3311534236543391 0.76980712890625 0.08284511168070303 0.01678466796875
0 0.5087440497986087 0.7696533203125 0.0636213841083852 0.01708984375
0 0.6753496887586965 0.7696533203125 0.08376052727938484 0.0177001953125
0 0.8593482240937386 0.76995849609375 0.08101428048333943 0.0177001953125
1 0.27325155620651775 0.57373046875 0.08238740388136213 0.0335693359375
1 0.5222445990479678 0.5780029296875 0.10252654705236178 0.025634765625
1 0.7810801904064446 0.57266357421875 0.09932259245697547 0.03387451171875
1 0.8652984254851703 0.74737548828125 0.13593921640424753 0.0244140625
1 0.6838154522153057 0.7432568359375 0.13639692420358843 0.03265380859375
1 0.5153789820578543 0.73989990234375 0.1135115342365434 0.03936767578125
1 0.33778835591358475 0.7391357421875 0.13090443061149762 0.0408935546875
1 0.34511168070303916 0.9168994140625 0.13822775540095203 0.02471923828125
1 0.5162943976565361 0.91598388671875 0.1208348590259978 0.02532958984375
1 0.6723727572317832 0.91659423828125 0.08604906627608934 0.02349853515625
1 0.8749102892713292 0.91659423828125 0.15241669718051995 0.02471923828125
0 0.8497363603075797 0.938720703125 0.0636213841083852 0.018310546875
0 0.6806114976199195 0.93841552734375 0.062248260710362505 0.018310546875
0 0.5053094104723544 0.93856689453125 0.0631636763090443 0.01739501953125
0 0.3366459172464299 0.93902587890625 0.08009886488465763 0.0177001953125