1 0.12486268766019773 0.359375 0.15012815818381545 0.02392578125
1 0.3154522153057488 0.35791015625 0.14097400219699743 0.025390625
1 0.4981691688026364 0.3592529296875 0.12705968509703405 0.023193359375
1 0.6715488831929696 0.3590087890625 0.1171731966312706 0.025146484375
1 0.8690955693885024 0.3594970703125 0.10069571585499817 0.024169921875
0 0.8679970706700842 0.3822021484375 0.06261442694983523 0.018798828125
0 0.6634932259245697 0.3819580078125 0.06371292566825339 0.018310546875
0 0.484254851702673 0.3817138671875 0.06334675942878067 0.018310546875
0 0.3061149761991944 0.3819580078125 0.08128890516294397 0.017822265625
0 0.1083852068839253 0.3817138671875 0.08202123764188941 0.017333984375
0 0.10325887953130722 0.514892578125 0.062248260710362505 0.01806640625
0 0.2517392896374954 0.514892578125 0.061882094470889784 0.0185546875
0 0.4229220065909923 0.514892578125 0.07982424020505309 0.017578125
0 0.5911753936287074 0.5145263671875 0.061882094470889784 0.017822265625
0 0.8925302087147565 0.4554443359375 0.08019040644452581 0.016845703125
1 0.9022336140607836 0.432861328125 0.1406078359575247 0.0224609375
1 0.6122299523983888 0.491943359375 0.1406078359575247 0.02392578125
1 0.4337239106554376 0.48876953125 0.14243866715488832 0.0302734375
1 0.2614426949835225 0.4910888671875 0.11790552911021604 0.024169921875
1 0.11424386671548883 0.48828125 0.1208348590259978 0.0322265625
1 0.12229952398388869 0.6605224609375 0.12522885389967045 0.031494140625
1 0.27975100695715854 0.6585693359375 0.12229952398388869 0.032470703125
1 0.43116074697912854 0.6591796875 0.13218601244965214 0.03369140625
1 0.5794580739655804 0.6669921875 0.115342365433907 0.01806640625
1 0.7305016477480776 0.618408203125 0.13621384108385207 0.03271484375
1 0.8822775540095203 0.611083984375 0.11827169534968876 0.03515625
0 0.8945441230318565 0.6385498046875 0.09813255217868913 0.017333984375
0 0.7316001464664957 0.6456298828125 0.08641523251556206 0.018798828125
0 0.5719516660563896 0.68603515625 0.061515928231417064 0.01806640625
0 0.4243866715488832 0.686279296875 0.08202123764188941 0.01806640625
0 0.2683998535335042 0.686767578125 0.06298059318930795 0.01806640625
0 0.11021603808128891 0.6864013671875 0.06005126327352618 0.017822265625
1 0.09355547418528011 0.9039306640625 0.10362504577077994 0.025146484375
1 0.2416697180519956 0.903564453125 0.12889051629439766 0.02294921875
1 0.4110216038081289 0.904052734375 0.14902965946539729 0.02587890625
1 0.5682900036616624 0.9000244140625 0.13621384108385207 0.030517578125
1 0.7206151592823141 0.904296875 0.1208348590259978 0.02392578125
1 0.8906993775173929 0.9000244140625 0.1365800073233248 0.031494140625
0 0.8795313072134749 0.9266357421875 0.0834859025997803 0.018798828125
0 0.710362504577078 0.9263916015625 0.06078359575247162 0.017822265625
0 0.5496155254485536 0.9263916015625 0.062248260710362505 0.018310546875
0 0.3863053826437203 0.92626953125 0.061515928231417064 0.0166015625
0 0.2264738191138777 0.926513671875 0.061882094470889784 0.017578125
0 0.09172464298791651 0.926513671875 0.0604174295129989 0.017578125