1 0.1286625708884688 0.198408947700063 0.13917769376181474 0.023787019533711404
1 0.26925803402646503 0.199354127284184 0.07301512287334594 0.023471959672337745
0 0.11850189035916824 0.22345620667926905 0.0805765595463138 0.018115942028985508
0 0.2918241965973535 0.22329867674858223 0.07892249527410208 0.017485822306238186
1 0.46195652173913043 0.19959042218021425 0.10302457466918714 0.02142407057340895
1 0.6220463137996219 0.19494328922495274 0.10137051039697542 0.03134845620667927
0 0.46975425330812853 0.2231411468178954 0.08128544423440454 0.017800882167611845
0 0.6213374291115312 0.22329867674858223 0.060255198487712665 0.017800882167611845
1 0.7764650283553876 0.25 0.07844990548204159 0.02520478890989288
0 0.7927693761814745 0.2733931947069943 0.05954631379962193 0.0165406427221172
0 0.7951323251417769 0.296471329552615 0.06001890359168242 0.01638311279143037
1 0.7768194706994329 0.3738185255198488 0.07726843100189036 0.05828607435412728
0 0.7938327032136105 0.4143037177063642 0.060255198487712665 0.017013232514177693
0 0.7966682419659735 0.43690926275992437 0.05883742911153119 0.01622558286074354
1 0.7738657844990549 0.5 0.07419659735349717 0.0330812854442344
0 0.7933601134215501 0.5278040327662256 0.06120037807183365 0.017800882167611845
0 0.7972589792060492 0.5504095778197857 0.058128544423440454 0.01575299306868305
1 0.7870982986767486 0.6101134215500945 0.09546313799621928 0.030245746691871456
0 0.7959593572778828 0.6359483301827347 0.0583648393194707 0.017013232514177693
0 0.7989130434782609 0.6587901701323251 0.058128544423440454 0.01575299306868305
1 0.11495746691871456 0.38768115942028986 0.1254725897920605 0.023629489603024575
0 0.10207939508506617 0.41178323881537493 0.0609640831758034 0.017958412098298678
0 0.28166351606805295 0.41138941398865786 0.0609640831758034 0.018115942028985508
1 0.2794187145557656 0.387523629489603 0.09569943289224953 0.022999369880277253
1 0.4696361058601134 0.38768115942028986 0.1353969754253308 0.023629489603024575
1 0.6310255198487713 0.38744486452425964 0.12074669187145558 0.023156899810964082
0 0.4616020793950851 0.4117044738500315 0.07963137996219281 0.017800882167611845
0 0.6205103969754253 0.41154694391934465 0.06143667296786389 0.018115942028985508
1 0.11743856332703213 0.5682104599873976 0.1285444234404537 0.03276622558286074
1 0.3003662570888469 0.5677378701953372 0.13995746691871455 0.038752362948960305
0 0.11219281663516069 0.5976685570258349 0.08010396975425331 0.017958412098298678
0 0.2900047258979206 0.5979836168872086 0.07939508506616257 0.017958412098298678
1 0.46656427221172025 0.5734877126654064 0.11129489603024574 0.023787019533711404
1 0.6359877126654064 0.5735664776307499 0.12878071833648394 0.023314429741650915
0 0.46006616257088845 0.597511027095148 0.06001890359168242 0.017643352236925015
0 0.62015595463138 0.5975897920604915 0.06120037807183365 0.017485822306238186
1 0.6402410207939508 0.7448015122873346 0.1358695652173913 0.024259609325771897
0 0.6218100189035917 0.7698487712665406 0.060255198487712665 0.017958412098298678
1 0.452859168241966 0.7411783238815375 0.08246691871455576 0.03213610586011342
0 0.46195652173913043 0.7698487712665406 0.06001890359168242 0.017328292375551356
1 0.2809546313799622 0.744880277252678 0.09877126654064272 0.02504725897920605
1 0.11200378071833648 0.7413358538122243 0.11862003780718336 0.03245116572148708
0 0.10326086956521739 0.7696912413358538 0.06001890359168242 0.017643352236925015
0 0.28024574669187147 0.7693761814744802 0.06143667296786389 0.017328292375551356
1 0.11424858223062381 0.9159577819785759 0.11885633270321361 0.030403276622558286
1 0.3205340264650284 0.9144612476370511 0.12263705103969755 0.03497164461247637
0 0.1043241965973535 0.9445494643982356 0.060255198487712665 0.018273471959672338
0 0.3284499054820416 0.9444706994328923 0.09924385633270322 0.017170762444864523
0 0.5122873345935728 0.9439981096408318 0.07939508506616257 0.017170762444864523
1 0.5213846880907372 0.9194234404536862 0.13775992438563328 0.024102079395085067
1 0.7544896030245747 0.8898078134845621 0.12003780718336483 0.023787019533711404
0 0.7614603024574669 0.9129647132955262 0.09900756143667297 0.017485822306238186