1 0.13292547274749722 0.173583984375 0.1664812754912866 0.02490234375
1 0.28587319243604004 0.1737060546875 0.08898776418242492 0.024658203125
1 0.46088246199480903 0.1763916015625 0.10975157582499073 0.019287109375
1 0.6366332962550982 0.17333984375 0.12532443455691508 0.02392578125
1 0.6273637374860956 0.367431640625 0.10752688172043011 0.02490234375
1 0.4632925472747497 0.36669921875 0.11753800519095291 0.02587890625
1 0.29273266592510194 0.37060546875 0.12347052280311457 0.01708984375
1 0.11976269929551353 0.3668212890625 0.1460882461994809 0.023681640625
1 0.11753800519095291 0.56298828125 0.11568409343715239 0.01904296875
1 0.29199110122358174 0.5596923828125 0.10344827586206896 0.023681640625
1 0.4610678531701891 0.56005859375 0.11234705228031146 0.0244140625
1 0.6477567667779014 0.5557861328125 0.1468298109010011 0.033447265625
1 0.7842046718576196 0.26611328125 0.08898776418242492 0.033203125
1 0.778642936596218 0.4364013671875 0.08008898776418243 0.033447265625
1 0.7860585836114201 0.60400390625 0.09640341119762699 0.033203125
1 0.6332962550982574 0.739501953125 0.11939191694475343 0.033203125
1 0.47015202076381163 0.7449951171875 0.15202076381164256 0.025146484375
1 0.2836484983314794 0.7449951171875 0.10604375231738969 0.024169921875
1 0.10122358175750834 0.74072265625 0.10456062291434928 0.03271484375
1 0.09936967000370782 0.9193115234375 0.09047089358546533 0.032470703125
1 0.4375231738969225 0.921142578125 0.09640341119762699 0.02490234375
1 0.7541713014460512 0.944580078125 0.13199851687059697 0.025390625
0 0.75009269558769 0.9678955078125 0.08602150537634409 0.018310546875
0 0.4514275120504264 0.94384765625 0.08342602892102335 0.01806640625
0 0.11624026696329255 0.9462890625 0.08565072302558398 0.01806640625
0 0.10029662588060809 0.7677001953125 0.06414534668149796 0.018310546875
0 0.29199110122358174 0.7677001953125 0.08565072302558398 0.017333984375
0 0.45624768261030774 0.76806640625 0.08490915832406377 0.01806640625
0 0.6353355580274379 0.7681884765625 0.08565072302558398 0.018798828125
0 0.796440489432703 0.63134765625 0.06303299962921764 0.01611328125
0 0.7994067482387839 0.6553955078125 0.06229143492769744 0.016357421875
0 0.796440489432703 0.46484375 0.06377456433073786 0.0166015625
0 0.7997775305895439 0.48828125 0.061549870226177236 0.01708984375
0 0.8058954393770856 0.294189453125 0.08120133481646273 0.01611328125
0 0.8094178717093067 0.3184814453125 0.08008898776418243 0.016845703125
0 0.11067853170189099 0.1961669921875 0.08416759362254357 0.018310546875
0 0.30200222469410454 0.1961669921875 0.08490915832406377 0.018310546875
0 0.4564330737856878 0.1962890625 0.06525769373377827 0.01806640625
0 0.6360771227289581 0.1966552734375 0.08342602892102335 0.017822265625
0 0.6360771227289581 0.39013671875 0.08268446421950315 0.0185546875
0 0.45587690025954763 0.3902587890625 0.06562847608453838 0.018310546875
0 0.29236188357434184 0.3895263671875 0.08565072302558398 0.018798828125
0 0.10771227289581016 0.3897705078125 0.08490915832406377 0.017822265625
0 0.12013348164627363 0.583251953125 0.08527994067482388 0.0185546875
0 0.3025583982202447 0.5830078125 0.08453837597330367 0.017578125
0 0.45661846496106784 0.5830078125 0.06637004078605858 0.01806640625
0 0.6371894697812384 0.5831298828125 0.08342602892102335 0.018310546875