1 0.11972353497164462 0.315059861373661 0.13153827977315688 0.02572936357908003
1 0.3158482986767486 0.315059861373661 0.14099007561436672 0.02520478890989288
1 0.503898865784499 0.31532293635790803 0.1264177693761815 0.024680214240705732
1 0.5064579395085066 0.4518478260869565 0.11263468809073725 0.023629489603024575
1 0.3140760869565218 0.45237397605545054 0.1476843100189036 0.023629489603024575
1 0.11972353497164462 0.45237397605545054 0.12208648393194706 0.023104914933837428
0 0.10377362948960303 0.3371140516698173 0.06261814744801512 0.017328292375551356
0 0.294383270321361 0.3373771266540643 0.061831285444234406 0.0178528670447385
0 0.49129725897920606 0.3369833018273472 0.06104206049149338 0.0165406427221172
0 0.5003544423440454 0.4741650913673598 0.06104206049149338 0.017328292375551356
0 0.28926512287334594 0.4748219911783239 0.06340500945179584 0.01759136735979836
0 0.12878071833648394 0.47442816635160684 0.09845699432892249 0.017328292375551356
0 0.6850590737240075 0.3373771266540643 0.08073487712665407 0.0178528670447385
0 0.868187618147448 0.3371140516698173 0.07994565217391304 0.0178528670447385
0 0.868187618147448 0.4741650913673598 0.06261814744801512 0.018379017013232513
0 0.6966753308128544 0.47429584120982987 0.08112712665406427 0.0165406427221172
1 0.6899810964083176 0.31414146187775677 0.12917533081285443 0.02336641461877757
1 0.877835538752363 0.3090217391304348 0.13862712665406426 0.0330812854442344
1 0.7014012287334593 0.44764807813484564 0.12681238185255198 0.03255671077504726
1 0.8928000945179584 0.45079867674858226 0.14650283553875237 0.02415406427221172
1 0.890437145557656 0.640489918084436 0.1275992438563327 0.0317690611216131
1 0.7143974480151228 0.640489918084436 0.0740382797731569 0.03491965973534972
1 0.578726370510397 0.640752993068683 0.13508270321361057 0.03229363579080025
1 0.42533081285444235 0.640489918084436 0.12681238185255198 0.030718336483931945
0 0.4119399810964083 0.6676638311279143 0.0661625708884688 0.017328292375551356
0 0.5712429111531191 0.6671392564587272 0.08152173913043478 0.0178528670447385
0 0.736453213610586 0.6676638311279143 0.08034026465028356 0.017328292375551356
0 0.8853189981096409 0.6671392564587272 0.0819163516068053 0.0178528670447385
0 0.2668171077504726 0.6672700063011973 0.06261814744801512 0.018115942028985508
0 0.10239366729678638 0.6672700063011973 0.06222353497164461 0.018115942028985508
1 0.11736058601134215 0.6449543163201008 0.12838610586011343 0.02336641461877757
1 0.2666186200378072 0.640228418399496 0.09924385633270322 0.0317690611216131
1 0.1071195652173913 0.9135428481411468 0.10396975425330812 0.024941713925645873
1 0.29379253308128545 0.9132797731568998 0.12602315689981097 0.024417139256458727
1 0.43241965973534974 0.9093415248897291 0.11420841209829867 0.03334436042848141
1 0.5619872400756144 0.9139366729678639 0.12681238185255198 0.023104914933837428
1 0.7187310964083176 0.9139366729678639 0.14886578449905483 0.024680214240705732
1 0.8829560491493383 0.9148550724637681 0.10633270321361059 0.024417139256458727
0 0.8888634215500946 0.9370400126023944 0.08112712665406427 0.0178528670447385
0 0.7053402646502835 0.9371723377441714 0.08034026465028356 0.01759136735979836
0 0.5476134215500945 0.9362523629489603 0.06340500945179584 0.017328292375551356
0 0.4255269376181474 0.9363846880907373 0.061831285444234406 0.01864051669817265
0 0.2802055765595463 0.9365154379332074 0.06261814744801512 0.018379017013232513
0 0.10534735349716445 0.9363846880907373 0.060255198487712665 0.01759136735979836