1 0.12150128158183815 0.30484375 0.14113877700476016 0.02419189453125
1 0.3004210911753937 0.304287109375 0.12882460637129256 0.0248583984375
1 0.5184584401318199 0.3047314453125 0.13414866349322593 0.02574462890625
1 0.7093628707433175 0.30051513671875 0.12116807030391799 0.033291015625
1 0.8619882826803369 0.30539794921875 0.09220798242402051 0.0244140625
1 0.8874551446356646 0.44777587890625 0.13381545221530575 0.03662109375
1 0.6935518125228853 0.45066162109375 0.12416331014280482 0.02330322265625
1 0.5181252288538997 0.45032958984375 0.15012815818381545 0.0244140625
1 0.318066642255584 0.45143798828125 0.14813255217868912 0.0244140625
1 0.10036250457707799 0.45066162109375 0.09020871475649946 0.02552490234375
1 0.11567557671182718 0.64586181640625 0.13681435371658732 0.0244140625
1 0.27062980593189306 0.642421875 0.1258293665324057 0.0312939453125
1 0.42358842914683265 0.645751953125 0.09420358842914682 0.02374755859375
1 0.5810399121201025 0.64231201171875 0.13481508604906628 0.03196044921875
1 0.7321677041376785 0.64708251953125 0.1208348590259978 0.022861328125
1 0.8841266935188576 0.64697265625 0.1331526913218601 0.0244140625
1 0.8826254119370194 0.9103125 0.1408092273892347 0.030849609375
1 0.7221786891248627 0.9135302734375 0.12749176125961187 0.02308349609375
1 0.553409007689491 0.9126416015625 0.15611863786158917 0.0244140625
1 0.39146466495789084 0.91164306640625 0.10319296960820212 0.02463623046875
1 0.24766019772976933 0.91208740234375 0.09520322226290737 0.02552490234375
1 0.11783961918711094 0.9126416015625 0.1284913950933724 0.0244140625
0 0.10236177224459905 0.9367236328125 0.0635811058220432 0.01842041015625
0 0.24882826803368727 0.93683349609375 0.062248260710362505 0.01775634765625
0 0.3891358476748444 0.9367236328125 0.06124862687660198 0.01842041015625
0 0.5247821310875137 0.93638916015625 0.062248260710362505 0.01775634765625
0 0.7171878432808495 0.93694580078125 0.08288538996704505 0.01842041015625
0 0.8719736360307581 0.93650146484375 0.08022336140607836 0.01842041015625
0 0.8791321860124496 0.67072021484375 0.08122299523983889 0.01775634765625
0 0.7216807030391799 0.67038818359375 0.06191504943244233 0.0175341796875
0 0.572885389967045 0.67038818359375 0.08188941779567924 0.017978515625
0 0.42641889417795675 0.67072021484375 0.06058220432076162 0.01820068359375
0 0.257316001464665 0.67072021484375 0.06324789454412302 0.01820068359375
0 0.09686927865250824 0.67072021484375 0.06191504943244233 0.01820068359375
0 0.10618820944708898 0.475185546875 0.06058220432076162 0.01775634765625
0 0.3042511900402783 0.47540771484375 0.07922372757231784 0.01820068359375
0 0.49166239472720613 0.47507568359375 0.06191504943244233 0.01842041015625
0 0.6810692054192603 0.475185546875 0.06191504943244233 0.01820068359375
0 0.8696448187477115 0.47540771484375 0.06158183815452216 0.01775634765625
0 0.8653167337971438 0.32903564453125 0.060915415598681806 0.0175341796875
0 0.6973819113877701 0.3291455078125 0.06391431709996338 0.01775634765625
0 0.5008165507140242 0.3291455078125 0.059586232149395825 0.01775634765625
0 0.28461003295496157 0.3288134765625 0.06258147198828268 0.017978515625
0 0.09953130721347492 0.32903564453125 0.06124862687660198 0.017978515625