1 0.3470522803114572 0.137939453125 0.1171672228401928 0.02392578125
1 0.5270671116054876 0.1375732421875 0.12643678160919541 0.025146484375
1 0.7111605487578792 0.1375732421875 0.12680756395995552 0.025634765625
1 0.8846866889136077 0.1380615234375 0.11049314052651094 0.024658203125
1 0.882091212458287 0.2781982421875 0.10752688172043011 0.033935546875
1 0.7139414163885799 0.2825927734375 0.11531331108639228 0.023681640625
1 0.5231738969225065 0.2742919921875 0.12532443455691508 0.042724609375
1 0.3468668891360771 0.283447265625 0.12421208750463478 0.02490234375
1 0.3435298479792362 0.456787109375 0.10789766407119021 0.0341796875
1 0.5367074527252503 0.4560546875 0.11383018168335188 0.0322265625
1 0.7068965517241379 0.454833984375 0.1353355580274379 0.03369140625
1 0.8935854653318502 0.460205078125 0.14979606970708195 0.02490234375
1 0.8880237300704487 0.6239013671875 0.11568409343715239 0.025146484375
1 0.7048572487949574 0.6246337890625 0.11197626992955136 0.025146484375
1 0.5279940674823879 0.62060546875 0.11049314052651094 0.03173828125
1 0.3496477567667779 0.6246337890625 0.13718946978123842 0.026611328125
1 0.3655913978494624 0.766357421875 0.1757508342602892 0.0234375
1 0.5270671116054876 0.7667236328125 0.10715609936967001 0.024658203125
1 0.7087504634779385 0.76611328125 0.12495365220615498 0.0244140625
1 0.8794957360029663 0.7652587890625 0.11939191694475343 0.024658203125
1 0.9069336299592139 0.9156494140625 0.11790878754171301 0.049072265625
1 0.7493511308861698 0.92236328125 0.12384130515387468 0.03369140625
1 0.5813867259918428 0.926513671875 0.10604375231738969 0.02783203125
1 0.43362995921394143 0.9185791015625 0.12866147571375602 0.035888671875
1 0.28012606599925843 0.9444580078125 0.12643678160919541 0.026611328125
0 0.3503893214682981 0.1602783203125 0.08453837597330367 0.018798828125
0 0.5263255469039674 0.1600341796875 0.08565072302558398 0.018798828125
0 0.7089358546533185 0.16015625 0.08602150537634409 0.01806640625
0 0.8904338153503893 0.159912109375 0.08565072302558398 0.0185546875
0 0.8900630329996292 0.305908203125 0.08490915832406377 0.01806640625
0 0.7185761957730812 0.305908203125 0.08305524657026325 0.01806640625
0 0.5226177233963664 0.3057861328125 0.08342602892102335 0.017822265625
0 0.3359288097886541 0.3057861328125 0.06377456433073786 0.017822265625
0 0.3509454949944383 0.484375 0.08565072302558398 0.01953125
0 0.5313311086392287 0.4844970703125 0.06451612903225806 0.018798828125
0 0.7013348164627363 0.484130859375 0.08490915832406377 0.01806640625
0 0.8798665183537263 0.483154296875 0.0867630700778643 0.017578125
0 0.8922877271041898 0.6478271484375 0.08490915832406377 0.018310546875
0 0.7115313311086392 0.6474609375 0.08379681127178347 0.01806640625
0 0.524842417500927 0.6475830078125 0.06340378197997776 0.017822265625
0 0.3416759362254357 0.6475830078125 0.08565072302558398 0.017822265625
0 0.3394512421208751 0.788330078125 0.0871338524286244 0.01953125
0 0.5346681497960697 0.788330078125 0.08527994067482388 0.01806640625
0 0.7080088987764183 0.788330078125 0.08565072302558398 0.01806640625
0 0.8824619948090471 0.7884521484375 0.08305524657026325 0.018798828125
0 0.8993325917686318 0.9515380859375 0.06488691138301816 0.018310546875
0 0.74990730441231 0.9495849609375 0.08268446421950315 0.017333984375
0 0.5902855024100853 0.9510498046875 0.08527994067482388 0.018310546875
0 0.42083796811271784 0.9493408203125 0.06451612903225806 0.018310546875
0 0.27901371894697813 0.9677734375 0.08416759362254357 0.017578125