1 0.12651043573782497 0.328857421875 0.1190040278286342 0.02392578125
1 0.3264372024899304 0.3282470703125 0.15342365433906993 0.023681640625
1 0.5049432442328817 0.327880859375 0.11790552911021604 0.02490234375
1 0.7151226656902233 0.3240966796875 0.14939582570487 0.033447265625
1 0.8745880629805932 0.3280029296875 0.09044306114976199 0.024658203125
1 0.8923471255950202 0.47509765625 0.1332845111680703 0.0244140625
1 0.6982790186744782 0.47509765625 0.11131453679970707 0.0244140625
1 0.49652142072500915 0.4752197265625 0.12742585133650677 0.025146484375
1 0.3141706334675943 0.4705810546875 0.13255217868912486 0.032470703125
1 0.12193335774441597 0.47509765625 0.10911753936287075 0.02392578125
1 0.10728670816550714 0.6474609375 0.07982424020505309 0.0244140625
1 0.25576711827169535 0.6483154296875 0.09703405346027097 0.021728515625
1 0.42566825338703773 0.59716796875 0.1351153423654339 0.03369140625
1 0.5649945075064079 0.644287109375 0.08568290003661662 0.03271484375
1 0.7321493958257048 0.6485595703125 0.13365067740754302 0.023681640625
1 0.8899670450384475 0.6400146484375 0.12339802270230685 0.041748046875
1 0.8967411204686928 0.9061279296875 0.11204686927865251 0.023681640625
1 0.7484437934822409 0.9053955078125 0.12303185646283413 0.024169921875
1 0.5865983156352984 0.9052734375 0.1581838154522153 0.02392578125
1 0.41138777004760163 0.9051513671875 0.11021603808128891 0.025146484375
1 0.2616257781032589 0.897216796875 0.11241303551812523 0.04052734375
1 0.1028927132918345 0.9049072265625 0.09740021969974369 0.024658203125
0 0.8897839619187111 0.92822265625 0.062248260710362505 0.01806640625
0 0.7557671182716954 0.927490234375 0.10032954961552545 0.017578125
0 0.5584035151958989 0.9281005859375 0.06298059318930795 0.018310546875
0 0.4060783595752472 0.9276123046875 0.062248260710362505 0.017333984375
0 0.2652874404979861 0.9278564453125 0.08019040644452581 0.017822265625
0 0.10325887953130722 0.92822265625 0.06298059318930795 0.01806640625
0 0.115342365433907 0.6722412109375 0.06371292566825339 0.018310546875
0 0.25668253387037715 0.672119140625 0.06444525814719883 0.01904296875
0 0.4267667521054559 0.627685546875 0.08604906627608934 0.01953125
0 0.4328084950567558 0.67626953125 0.08787989747345294 0.0205078125
0 0.5820212376418894 0.6719970703125 0.08311973636030758 0.017822265625
0 0.7162211644086415 0.6715087890625 0.06298059318930795 0.017822265625
0 0.888685463200293 0.671875 0.08128890516294397 0.017578125
0 0.8853899670450385 0.497802734375 0.07909190772610765 0.017578125
0 0.6922372757231783 0.4984130859375 0.0604174295129989 0.018310546875
0 0.4915781764921274 0.4976806640625 0.08238740388136213 0.017333984375
0 0.49560600512632735 0.350830078125 0.061882094470889784 0.01806640625
0 0.6902233614060783 0.3511962890625 0.06298059318930795 0.017822265625
0 0.8782497253753204 0.3509521484375 0.06261442694983523 0.017333984375
0 0.2978762358110582 0.3511962890625 0.06334675942878067 0.017822265625
0 0.11607469791285244 0.3511962890625 0.06298059318930795 0.017333984375
0 0.11735627975100696 0.497802734375 0.0604174295129989 0.0185546875
0 0.29824240205053093 0.4979248046875 0.06261442694983523 0.017822265625