1 0.1119113877700476 0.2427685546875 0.1194617356279751 0.02349853515625
1 0.29545221530574883 0.24261474609375 0.16157085316733796 0.0238037109375
1 0.4538191138777005 0.23849609375 0.1222079824240205 0.03204345703125
1 0.6435371658733064 0.2423095703125 0.14372024899304284 0.0244140625
1 0.793207616257781 0.27542236328125 0.10618820944708898 0.03265380859375
1 0.7895459538630538 0.43487548828125 0.10710362504577078 0.0244140625
1 0.7842841450018309 0.5955517578125 0.08650677407543024 0.03326416015625
1 0.10641889417795679 0.48614501953125 0.12953130721347492 0.0250244140625
1 0.27668619553277185 0.482177734375 0.13593921640424753 0.03173828125
1 0.46160014646649583 0.4859912109375 0.13960087879897473 0.02410888671875
1 0.6396484804101062 0.48187255859375 0.13593921640424753 0.0323486328125
1 0.6330098864884658 0.60791015625 0.10069571585499817 0.04150390625
1 0.2895020139143171 0.60821533203125 0.09016843647015745 0.0408935546875
1 0.11030757964115709 0.91415283203125 0.1254119370194068 0.03387451171875
1 0.23778103258879532 0.9149169921875 0.08925302087147564 0.032958984375
1 0.39340168436470163 0.91354248046875 0.1212925668253387 0.03387451171875
1 0.5476455510801904 0.91827392578125 0.13136213841083852 0.025634765625
1 0.7417173196631272 0.944365234375 0.09199926766752105 0.02532958984375
0 0.11213841083852069 0.2642822265625 0.08330281948004394 0.0177001953125
0 0.27393994873672645 0.26397705078125 0.08192969608202123 0.0177001953125
0 0.45267301354815087 0.26382568359375 0.08330281948004394 0.01800537109375
0 0.632094470889784 0.264130859375 0.08055657268399853 0.01678466796875
0 0.797557671182717 0.3025830078125 0.0590443061149762 0.01617431640625
0 0.7998462101794215 0.32638671875 0.059959721713658 0.01556396484375
0 0.7925228853899671 0.45822021484375 0.061790552911021604 0.01617431640625
0 0.7948114243866716 0.482177734375 0.059959721713658 0.01708984375
0 0.6325521786891248 0.5084228515625 0.07964115708531673 0.018310546875
0 0.4540461369461736 0.50811767578125 0.08055657268399853 0.0177001953125
0 0.27027828634199924 0.50811767578125 0.07918344928597583 0.0177001953125
0 0.09108385206883925 0.50857666015625 0.0631636763090443 0.01739501953125
0 0.31376052727938486 0.641328125 0.08742218967411204 0.01800537109375
0 0.3199377517392896 0.69107177734375 0.08513365067740754 0.01983642578125
0 0.6517759062614427 0.641328125 0.08787989747345294 0.01800537109375
0 0.6593299157817649 0.6903076171875 0.08650677407543024 0.0201416015625
0 0.7973269864518492 0.62332275390625 0.062248260710362505 0.01678466796875
0 0.7998462101794215 0.64697265625 0.061790552911021604 0.0164794921875
0 0.7561332845111681 0.96755859375 0.08055657268399853 0.01800537109375
0 0.5307140241669719 0.9413134765625 0.061790552911021604 0.01861572265625
0 0.3927132918344929 0.94161865234375 0.08238740388136213 0.01800537109375
0 0.2430428414500183 0.94161865234375 0.06407909190772611 0.01739501953125
0 0.10664591724642988 0.94161865234375 0.08238740388136213 0.01800537109375