1 0.09813255217868913 0.152587890625 0.09740021969974369 0.02392578125
1 0.2918344928597583 0.153076171875 0.11497619919443428 0.0244140625
1 0.4674112046869279 0.152587890625 0.12046869278652508 0.0234375
1 0.6499450750640791 0.148193359375 0.13035518125228854 0.0322265625
1 0.793665324057122 0.25927734375 0.08824606371292566 0.04248046875
1 0.6325521786891248 0.330078125 0.1190040278286342 0.03369140625
1 0.4774807762724277 0.37646484375 0.14646649578908824 0.0322265625
1 0.30465031124130354 0.3814697265625 0.11790552911021604 0.024169921875
1 0.12651043573782497 0.3807373046875 0.1526913218601245 0.024169921875
1 0.115342365433907 0.5592041015625 0.14500183083119736 0.023681640625
1 0.2841450018308312 0.60302734375 0.10984987184181619 0.03271484375
1 0.4838886854632003 0.599365234375 0.11607469791285244 0.03515625
1 0.6455510801904064 0.6064453125 0.1171731966312706 0.0244140625
1 0.8037348956426218 0.413330078125 0.10545587696814354 0.03271484375
1 0.8022702306847309 0.571044921875 0.10399121201025266 0.04296875
1 0.642804833394361 0.7623291015625 0.10801904064445259 0.023681640625
1 0.46887586964481875 0.7618408203125 0.09337239106554375 0.024169921875
1 0.29860856829000365 0.7620849609375 0.13218601244965214 0.024658203125
1 0.095020139143171 0.7620849609375 0.10582204320761626 0.025146484375
1 0.10582204320761626 0.9193115234375 0.10765287440497986 0.024658203125
1 0.30648114243866714 0.9205322265625 0.1457341633101428 0.025146484375
1 0.49743683632369096 0.9195556640625 0.13365067740754302 0.023193359375
1 0.6977297693152691 0.9393310546875 0.14902965946539729 0.025146484375
0 0.6845477846942511 0.9632568359375 0.08092273892347125 0.017822265625
0 0.4802270230684731 0.9422607421875 0.06334675942878067 0.018310546875
0 0.29403149029659464 0.942626953125 0.07982424020505309 0.017578125
0 0.11222995239838887 0.9423828125 0.08092273892347125 0.01806640625
0 0.09209080922738923 0.7847900390625 0.06114976199194434 0.018310546875
0 0.28249725375320395 0.7845458984375 0.061882094470889784 0.017822265625
0 0.4723544489198096 0.7840576171875 0.061515928231417064 0.017822265625
0 0.6380446722812156 0.784912109375 0.061882094470889784 0.01806640625
0 0.8068473086781399 0.6026611328125 0.05895276455510802 0.015869140625
0 0.809959721713658 0.6259765625 0.06078359575247162 0.01611328125
0 0.6479311607469791 0.6290283203125 0.08019040644452581 0.017333984375
0 0.4860856829000366 0.6287841796875 0.08165507140241669 0.018798828125
0 0.289637495422922 0.62890625 0.08128890516294397 0.01806640625
0 0.11094837056023435 0.58447265625 0.08787989747345294 0.01806640625
0 0.10728670816550714 0.633056640625 0.06737458806298059 0.0185546875
0 0.11113145367997071 0.40380859375 0.08092273892347125 0.01806640625
0 0.30648114243866714 0.4033203125 0.08055657268399853 0.0185546875
0 0.4538630538264372 0.403076171875 0.06261442694983523 0.0185546875
0 0.6413401684364701 0.3577880859375 0.08751373123398022 0.018310546875
0 0.64939582570487 0.4072265625 0.08678139875503478 0.02001953125
0 0.807396558037349 0.440185546875 0.05931893079458074 0.01611328125
0 0.8095935554741853 0.4642333984375 0.05931893079458074 0.016357421875
0 0.8149029659465398 0.29052734375 0.07726107652874405 0.015625
0 0.8169168802636397 0.315185546875 0.07689491028927133 0.01708984375
0 0.6433540827535701 0.1746826171875 0.08202123764188941 0.017822265625
0 0.4668619553277188 0.174560546875 0.08275357012083485 0.0185546875
0 0.294214573416331 0.1748046875 0.08238740388136213 0.01806640625
0 0.10930062248260711 0.1748046875 0.08165507140241669 0.01806640625