0 0.32153789820578543 0.17871337890625 0.06331746612962284 0.01854736328125
0 0.5062248260710362 0.17822265625 0.08238740388136213 0.018310546875
0 0.6712303185646283 0.1780712890625 0.0608751373123398 0.01800537109375
0 0.8424130355181253 0.17822265625 0.0627059685097034 0.01708984375
0 0.8426400585865983 0.33294677734375 0.06407909190772611 0.018310546875
0 0.6709996338337605 0.33294677734375 0.062248260710362505 0.018310546875
0 0.5002746246796046 0.3326416015625 0.08055657268399853 0.018310546875
0 0.33206517759062615 0.332490234375 0.08101428048333943 0.01800537109375
1 0.34282314170633466 0.15579345703125 0.14188941779567923 0.02349853515625
1 0.5176675210545588 0.15213134765625 0.14097400219699743 0.03082275390625
1 0.6961735627975101 0.15594482421875 0.15104357378249725 0.0238037109375
1 0.8522519223727573 0.151826171875 0.1180886122299524 0.03204345703125
1 0.32954961552544854 0.306396484375 0.115342365433907 0.03173828125
1 0.5201867447821311 0.30166748046875 0.15699377517392896 0.03997802734375
1 0.6845038447455145 0.310517578125 0.1267850604174295 0.02471923828125
1 0.8598059318930795 0.31021240234375 0.13502380080556572 0.02410888671875
1 0.33778835591358475 0.46676513671875 0.13273526180886122 0.02471923828125
1 0.5247638227755401 0.4669189453125 0.15241669718051995 0.0250244140625
1 0.7064738191138777 0.46676513671875 0.13777004760161113 0.02532958984375
1 0.8641523251556207 0.4670703125 0.14097400219699743 0.02471923828125
1 0.8696448187477115 0.61370849609375 0.15562065177590625 0.04150390625
1 0.6817575979494691 0.6224072265625 0.13777004760161113 0.02471923828125
1 0.5089710728670817 0.6260693359375 0.1254119370194068 0.01983642578125
1 0.33961918711094835 0.62332275390625 0.13639692420358843 0.02349853515625
0 0.33229586232149394 0.48919677734375 0.08055657268399853 0.018310546875
0 0.5000476016111315 0.489501953125 0.06453679970706701 0.0189208984375
0 0.6977773709264006 0.48873779296875 0.08009886488465763 0.01739501953125
0 0.852940314902966 0.48904296875 0.08101428048333943 0.01800537109375
0 0.33252288538996705 0.644990234375 0.08101428048333943 0.01800537109375
0 0.4968436470157452 0.6456005859375 0.0636213841083852 0.01800537109375
0 0.6623031856462834 0.64529541015625 0.0631636763090443 0.01739501953125
0 0.8524826071036251 0.644990234375 0.08284511168070303 0.01739501953125
0 0.8428707433174661 0.799560546875 0.0636213841083852 0.0177001953125
0 0.6810692054192603 0.79986572265625 0.0631636763090443 0.0177001953125
0 0.49707067008421824 0.79940673828125 0.062248260710362505 0.01861572265625
0 0.3217685829366532 0.7991015625 0.062248260710362505 0.01800537109375
1 0.3384767484437935 0.76949951171875 0.13227755400952032 0.03875732421875
1 0.5156096667887221 0.76949951171875 0.13868546320029293 0.03997802734375
1 0.6957158549981691 0.76934814453125 0.12907359941413402 0.04150390625
1 0.857517392896375 0.77728271484375 0.12861589161479312 0.0244140625