1 0.11874404979860857 0.16357421875 0.1213584767484438 0.02720458984375
1 0.3334712559502014 0.16392333984375 0.13443427316001463 0.02650634765625
1 0.5372171365800074 0.16392333984375 0.13077261076528743 0.02580810546875
1 0.7218711094837056 0.16392333984375 0.1328670816550714 0.02650634765625
1 0.1218820944708898 0.31476806640625 0.12763456609300622 0.02546142578125
1 0.33765653606737456 0.31529052734375 0.14385206883925303 0.02650634765625
1 0.5408787989747346 0.31895263671875 0.13914317099963383 0.0177880859375
1 0.7163786158916148 0.3191259765625 0.12397290369827901 0.01813720703125
0 0.1082790186744782 0.18763916015625 0.0627718784328085 0.01813720703125
0 0.3164738191138777 0.186767578125 0.0627718784328085 0.0177880859375
0 0.5212632735261808 0.18711669921875 0.062248260710362505 0.01848388671875
0 0.7053936287074332 0.18694091796875 0.062248260710362505 0.01743896484375
0 0.10854265836689858 0.3386572265625 0.0632954961552545 0.0188330078125
0 0.32588795313072133 0.33848388671875 0.08055657268399853 0.01848388671875
0 0.5319882826803368 0.33848388671875 0.07950933723910655 0.01848388671875
0 0.7158549981691688 0.338134765625 0.08003295496155255 0.0177880859375
0 0.8787989747345295 0.18694091796875 0.06381911387770048 0.01953125
0 0.8884767484437934 0.3386572265625 0.08108019040644453 0.01813720703125
1 0.8890003661662396 0.3144189453125 0.11978762358110581 0.0261572265625
1 0.8984145001830832 0.16374755859375 0.13757231783229584 0.02546142578125
1 0.3292896374954229 0.45759033203125 0.12711094837056022 0.04045654296875
1 0.5380043939948737 0.46543701171875 0.13234346393262542 0.02546142578125
1 0.7218711094837056 0.46526123046875 0.13391065543756864 0.02580810546875
1 0.8688612229952399 0.46491455078125 0.08264738191138778 0.02650634765625
1 0.3855217868912486 0.60442138671875 0.14228121567191504 0.0251123046875
1 0.6434053460270963 0.604248046875 0.12344928597583302 0.0261572265625
1 0.9007689491028927 0.5998876953125 0.14437568656169902 0.0341796875
0 0.32667154888319294 0.48845458984375 0.0821274258513365 0.0177880859375
0 0.5241413401684365 0.48810791015625 0.06172464298791651 0.0177880859375
0 0.7163786158916148 0.48863037109375 0.08108019040644453 0.01813720703125
0 0.8782753570120836 0.48845458984375 0.06172464298791651 0.01708984375
0 0.365382643720249 0.62709228515625 0.062248260710362505 0.01813720703125
0 0.642361772244599 0.62744140625 0.08055657268399853 0.01743896484375
0 0.8884767484437934 0.62744140625 0.08108019040644453 0.01813720703125
0 0.11874404979860857 0.4888037109375 0.08055657268399853 0.0177880859375
0 0.10775906261442696 0.62761474609375 0.06381911387770048 0.01918212890625
1 0.1297290369827902 0.460205078125 0.14437568656169902 0.03383056640625
1 0.1263273526180886 0.60389892578125 0.13548150860490663 0.02546142578125
1 0.12658733064811423 0.7282373046875 0.14019040644452582 0.02790283203125
1 0.373489564262175 0.73277099609375 0.12031124130355181 0.0188330078125
1 0.6567447821310874 0.728759765625 0.14803734895642623 0.0275537109375
1 0.9012925668253386 0.72422607421875 0.14332845111680703 0.03452880859375
0 0.8890003661662396 0.75212646484375 0.0821274258513365 0.0177880859375
0 0.6313767850604174 0.75177978515625 0.06381911387770048 0.0163916015625
0 0.1082790186744782 0.751953125 0.06381911387770048 0.01743896484375
0 0.365382643720249 0.75177978515625 0.0632954961552545 0.01848388671875