0 0.36167337971439034 0.2327099609375 0.08288538996704505 0.01842041015625
0 0.5425924569754669 0.23260009765625 0.08122299523983889 0.01820068359375
0 0.7120285609666789 0.23248779296875 0.08122299523983889 0.0175341796875
0 0.894778469425119 0.2327099609375 0.08055657268399853 0.0175341796875
0 0.10652142072500917 0.3035107421875 0.07656169901135115 0.01487060546875
0 0.10918344928597584 0.3275927734375 0.07656169901135115 0.01686767578125
0 0.09703405346027097 0.45920654296875 0.060252654705236185 0.01597900390625
0 0.10002929329915781 0.482177734375 0.059586232149395825 0.01575927734375
0 0.10668619553277188 0.62877197265625 0.07689491028927133 0.01597900390625
0 0.109516660563896 0.65196533203125 0.07589527645551081 0.016201171875
0 0.35168436470157455 0.41370849609375 0.06291468326620285 0.018642578125
0 0.5424240205053094 0.41359619140625 0.08355181252288539 0.01842041015625
0 0.7121933357744415 0.41359619140625 0.08288538996704505 0.017978515625
0 0.9044306114976199 0.413486328125 0.0998645184913951 0.01731201171875
0 0.894778469425119 0.611572265625 0.07989015012815819 0.01842041015625
0 0.7125265470523618 0.61135009765625 0.08022336140607836 0.017978515625
0 0.5339362870743317 0.61135009765625 0.08055657268399853 0.017978515625
0 0.34935554741852803 0.61179443359375 0.06291468326620285 0.017978515625
0 0.35185280117173195 0.78269287109375 0.06324789454412302 0.01842041015625
0 0.51879165140974 0.7829150390625 0.06424386671548883 0.01842041015625
0 0.7080336872940315 0.78302490234375 0.06391431709996338 0.01775634765625
0 0.8841266935188576 0.78258056640625 0.06324789454412302 0.018642578125
0 0.8897839619187111 0.94793212890625 0.08055657268399853 0.01775634765625
0 0.7042035884291469 0.94793212890625 0.08022336140607836 0.018642578125
0 0.5014829732698645 0.94793212890625 0.0635811058220432 0.01820068359375
0 0.26363969242035884 0.9687939453125 0.06258147198828268 0.018642578125
1 0.27246063712925667 0.9416064453125 0.11417795679238374 0.0312939453125
1 0.5091358476748444 0.9211865234375 0.11284511168070305 0.03173828125
1 0.7020395459538631 0.92418212890625 0.11451116807030393 0.025302734375
1 0.8857890882460637 0.92518310546875 0.1118454778469425 0.02330322265625
1 0.887286708165507 0.760166015625 0.10752105455876967 0.023525390625
1 0.7151885756133285 0.76027587890625 0.11084950567557672 0.02330322265625
1 0.5036433540827536 0.7597216796875 0.0685719516660564 0.025302734375
1 0.35235078725741487 0.75672607421875 0.10019772976931526 0.0312939453125
1 0.09254119370194068 0.6050244140625 0.10319296960820212 0.0248583984375
1 0.36034053460270965 0.58449462890625 0.1208348590259978 0.03173828125
1 0.5252837788355913 0.58893310546875 0.10385939216404247 0.02419189453125
1 0.7175210545587697 0.58460693359375 0.1294910289271329 0.03151611328125
1 0.8816294397656537 0.585048828125 0.09553643354082754 0.03196044921875
1 0.8939436103991213 0.39117919921875 0.11750640790919079 0.02330322265625
1 0.7180190406444527 0.39117919921875 0.13181984621017942 0.02330322265625
1 0.53959721713658 0.39029296875 0.11251190040278286 0.02552490234375
1 0.3698279018674478 0.39439697265625 0.1344818747711461 0.01775634765625
1 0.08571585499816917 0.2766552734375 0.08887953130721347 0.0321826171875
1 0.35767850604174295 0.21029296875 0.11018308311973637 0.02419189453125
1 0.5367667521054559 0.2131787109375 0.10685463200292933 0.017978515625
1 0.7186854632002929 0.21306884765625 0.1331526913218601 0.01731201171875
1 0.8972720615159282 0.21018310546875 0.12549615525448554 0.0239697265625