1 0.1226656902233614 0.2374267578125 0.13548150860490663 0.032470703125
1 0.3291834492859758 0.24267578125 0.10252654705236178 0.02392578125
1 0.49890150128158184 0.238525390625 0.08092273892347125 0.03173828125
0 0.1144269498352252 0.2647705078125 0.07945807396558037 0.017333984375
0 0.33687294031490295 0.264404296875 0.08128890516294397 0.01708984375
0 0.5181252288538997 0.2645263671875 0.08128890516294397 0.016845703125
0 0.882094470889784 0.2645263671875 0.08202123764188941 0.017333984375
0 0.6918711094837056 0.264404296875 0.08165507140241669 0.01708984375
1 0.6979128524350054 0.24169921875 0.1332845111680703 0.02392578125
1 0.8879531307213475 0.2425537109375 0.13035518125228854 0.024169921875
1 0.870926400585866 0.45458984375 0.13291834492859758 0.0234375
1 0.6797876235811058 0.45361328125 0.13950933723910655 0.02294921875
1 0.4835225192237276 0.4542236328125 0.06554375686561699 0.023681640625
1 0.31984621017942144 0.4534912109375 0.11461003295496155 0.024658203125
1 0.13218601244965214 0.4539794921875 0.14719882826803368 0.023681640625
1 0.11424386671548883 0.6942138671875 0.11937019406810692 0.023681640625
1 0.273892347125595 0.69482421875 0.1047235444891981 0.0244140625
1 0.41541559868180156 0.694580078125 0.06407909190772611 0.02392578125
1 0.5768949102892713 0.6944580078125 0.07359941413401684 0.024169921875
1 0.7264738191138777 0.694091796875 0.07909190772610765 0.02392578125
1 0.8872207982424021 0.6922607421875 0.11937019406810692 0.025146484375
1 0.9009520322226291 0.91943359375 0.11680703039179788 0.0244140625
1 0.74899304284145 0.9202880859375 0.11387770047601611 0.023681640625
1 0.5924569754668619 0.92041015625 0.09007689491028927 0.0234375
1 0.44910289271329185 0.91845703125 0.11827169534968876 0.02294921875
1 0.26547052361772244 0.9310302734375 0.09300622482607103 0.033935546875
0 0.8535335042109118 0.4765625 0.061515928231417064 0.0185546875
0 0.6699011351153423 0.4764404296875 0.07945807396558037 0.017333984375
0 0.4996338337605273 0.476318359375 0.061882094470889784 0.017578125
0 0.31233980227023067 0.47607421875 0.06078359575247162 0.01708984375
0 0.10692054192603442 0.4765625 0.062248260710362505 0.017578125
0 0.10270963017209814 0.7174072265625 0.061882094470889784 0.017822265625
0 0.2823141706334676 0.716796875 0.07909190772610765 0.0166015625
0 0.4432442328817283 0.7169189453125 0.07945807396558037 0.016357421875
0 0.6001464664957891 0.717041015625 0.07982424020505309 0.0166015625
0 0.7369095569388502 0.7174072265625 0.06407909190772611 0.016845703125
0 0.8771512266569023 0.716796875 0.061882094470889784 0.01708984375
0 0.8923471255950202 0.942626953125 0.06005126327352618 0.0166015625
0 0.7519223727572318 0.9425048828125 0.08092273892347125 0.016845703125
0 0.5977663859392164 0.942626953125 0.05968509703405346 0.01708984375
0 0.4392164042475284 0.9425048828125 0.061882094470889784 0.017822265625
0 0.27975100695715854 0.9586181640625 0.08055657268399853 0.017333984375