1 0.11911764705882352 0.1803582956746288 0.12794117647058822 0.024693350548741125
1 0.3056372549019608 0.18092317624273724 0.13970588235294118 0.02420916720464816
1 0.49080882352941174 0.18108457069076825 0.09975490196078432 0.024531956100710135
1 0.698406862745098 0.177453195610071 0.13651960784313724 0.03211749515816656
1 0.8935049019607844 0.18100387346675276 0.14681372549019608 0.0250161394448031
1 0.8735294117647059 0.322385409941898 0.08333333333333333 0.0250161394448031
1 0.6933823529411764 0.3210942543576501 0.12254901960784313 0.025661717236927048
1 0.502328431372549 0.32149774047772756 0.1517156862745098 0.02485474499677211
1 0.3162990196078431 0.31504196255648803 0.16299019607843138 0.03873466752743705
1 0.12291666666666666 0.31754357650096837 0.13504901960784313 0.03147191736604261
1 0.11715686274509804 0.4617495158166559 0.1230392156862745 0.026145900581020013
1 0.3087009803921569 0.46142672692059394 0.158578431372549 0.025500322788896062
1 0.4919117647058823 0.45723047127178823 0.10098039215686275 0.03389283408650742
1 0.6889705882352941 0.4552937378954164 0.13725490196078433 0.03905745642349903
1 0.8909313725490197 0.447546804389929 0.1377450980392157 0.05326016785022595
1 0.9007352941176471 0.5957876049063913 0.11813725490196078 0.03244028405422853
1 0.6230392156862745 0.5990961910910265 0.1392156862745098 0.02485474499677211
1 0.45465686274509803 0.5969980632666236 0.1465686274509804 0.03131052291801162
1 0.2780637254901961 0.599499677211104 0.14142156862745098 0.024693350548741125
1 0.1232843137254902 0.5957876049063913 0.13970588235294118 0.03179470626210459
1 0.10943627450980392 0.7291801162040026 0.10857843137254902 0.02485474499677211
1 0.27794117647058825 0.7253066494512589 0.125 0.0316333118140736
1 0.4360294117647059 0.7291801162040026 0.11715686274509804 0.025177533892834086
1 0.6224264705882353 0.7259522272433828 0.13651960784313724 0.0316333118140736
1 0.9026960784313726 0.6700290510006456 0.12401960784313726 0.023724983860555198
0 0.9096813725490196 0.6931084570690769 0.10073529411764706 0.015978050355067785
0 0.616421568627451 0.7525016139444803 0.08284313725490196 0.018237572627501614
0 0.4292892156862745 0.7522595222724339 0.06200980392156863 0.018076178179470628
0 0.2674019607843137 0.7525823111684958 0.06372549019607843 0.018076178179470628
0 0.10575980392156863 0.7525823111684958 0.0644607843137255 0.01872175597159458
0 0.11433823529411764 0.6227404777275661 0.08308823529411764 0.01856036152356359
0 0.2590686274509804 0.6225790832795352 0.06568627450980392 0.018237572627501614
0 0.4435049019607843 0.6228211749515816 0.0840686274509804 0.018076178179470628
0 0.6149509803921569 0.6227404777275661 0.08529411764705883 0.017914783731439638
0 0.9026960784313726 0.6226597805035506 0.08480392156862746 0.018076178179470628
0 0.8841911764705882 0.4849903163331181 0.08259803921568627 0.017753389283408652
0 0.6819852941176471 0.4849903163331181 0.08259803921568627 0.017430600387346677
0 0.49203431372549017 0.48490961910910263 0.06299019607843137 0.018237572627501614
0 0.2901960784313726 0.4851517107811491 0.0838235294117647 0.018398967075532603
0 0.10612745098039215 0.4849903163331181 0.06372549019607843 0.018398967075532603
0 0.11740196078431372 0.3449806326662363 0.08186274509803922 0.017914783731439638
0 0.2968137254901961 0.3450613298902518 0.08235294117647059 0.017753389283408652
0 0.48909313725490194 0.3450613298902518 0.08357843137254901 0.018398967075532603
0 0.6927696078431372 0.3448999354422208 0.08161764705882353 0.017753389283408652
0 0.8822303921568627 0.3448192382182053 0.06397058823529411 0.018237572627501614
0 0.871078431372549 0.20424467398321497 0.06470588235294118 0.018237572627501614
0 0.6818627450980392 0.20424467398321497 0.06372549019607843 0.018237572627501614
0 0.4915441176470588 0.20416397675919948 0.06495098039215687 0.018076178179470628
0 0.2855392156862745 0.20432537120723046 0.06372549019607843 0.017753389283408652
0 0.10600490196078431 0.20432537120723046 0.06348039215686274 0.018076178179470628