1 0.1190040278286342 0.18893798828125 0.1346686195532772 0.032822265625
1 0.3149029659465397 0.18947998046875 0.16436836323690956 0.0322802734375
1 0.5099890150128158 0.19124267578125 0.14117905529110217 0.030380859375
1 0.49757964115708536 0.34030517578125 0.11066276089344564 0.023056640625
1 0.31205419260344197 0.340439453125 0.15053460270963018 0.0244140625
1 0.11554741852801172 0.3325732421875 0.12530941047235447 0.0396044921875
0 0.11147564994507507 0.21579345703125 0.08299890150128157 0.0176318359375
0 0.2927279384840718 0.215927734375 0.08015012815818381 0.01736083984375
0 0.4878139875503479 0.21579345703125 0.06265470523617724 0.0165478515625
0 0.4933064811424387 0.36295654296875 0.059805931893079464 0.01790283203125
0 0.2862211644086415 0.36295654296875 0.061435371658733064 0.01736083984375
0 0.11330648114243867 0.36281982421875 0.08015012815818381 0.018173828125
0 0.6735408275357012 0.362412109375 0.059805931893079464 0.01736083984375
0 0.8684254851702673 0.36281982421875 0.06306114976199194 0.0176318359375
0 0.8702563163676309 0.21579345703125 0.06346759428780667 0.0165478515625
0 0.6824935920908093 0.21579345703125 0.08015012815818381 0.01708984375
1 0.6965287440497986 0.19314208984375 0.1472793848407177 0.025498046875
1 0.87818747711461 0.1897509765625 0.11676675210545587 0.0322802734375
1 0.6879860856829001 0.343017578125 0.13100695715854996 0.01871826171875
1 0.8875466861955327 0.34098388671875 0.13548150860490663 0.0238720703125
1 0.9011753936287075 0.49235107421875 0.12449652142072501 0.023330078125
1 0.896495789088246 0.63693603515625 0.1371072867081655 0.0336376953125
1 0.7018198462101795 0.64208984375 0.12775173928963748 0.0249560546875
1 0.6938850238008055 0.489501953125 0.1387367264738191 0.030654296875
1 0.49411937019406815 0.486923828125 0.12409007689491028 0.033095703125
1 0.5024606371292567 0.6366650390625 0.15053460270963018 0.0341796875
0 0.8899890150128158 0.51486572265625 0.06306114976199194 0.01736083984375
0 0.6743573782497254 0.51486572265625 0.06469058952764555 0.01736083984375
0 0.49961186378615896 0.5144580078125 0.10171365800073233 0.01708984375
0 0.4874075430245331 0.66392578125 0.08136946173562798 0.0176318359375
0 0.6877810325887953 0.66392578125 0.061435371658733064 0.0165478515625
0 0.8887660197729769 0.66365478515625 0.07933723910655437 0.0165478515625
0 0.29984987184181616 0.514052734375 0.08055657268399853 0.01736083984375
0 0.273811790552911 0.6640625 0.06428414500183083 0.01736083984375
0 0.10415232515562065 0.6640625 0.06102892713291834 0.01736083984375
0 0.10374588062980593 0.5145947265625 0.06590992310508971 0.01681884765625
1 0.12307213474917614 0.491943359375 0.1379238374221897 0.02468505859375
1 0.3014756499450751 0.4924853515625 0.12368363236909556 0.02360107421875
1 0.11066276089344564 0.6414111328125 0.11391797876235811 0.02468505859375
1 0.3092054192603442 0.638564453125 0.16924935920908094 0.030380859375
1 0.3376858293665324 0.76131103515625 0.10903698279018674 0.035537109375
1 0.6100732332478945 0.7585986328125 0.09723910655437569 0.042587890625
0 0.34236543390699375 0.789794921875 0.08259245697546687 0.018173828125
0 0.6210582204320761 0.7903369140625 0.0817759062614427 0.0176318359375
0 0.9011753936287075 0.73527099609375 0.1009007689491029 0.018173828125
1 0.9058549981691687 0.7099072265625 0.1436177224459905 0.0238720703125