1 0.11168070303917979 0.2017822265625 0.11863786158916148 0.033935546875
1 0.29714390333211277 0.2061767578125 0.11387770047601611 0.025634765625
1 0.47857927499084585 0.2060546875 0.12010252654705236 0.02587890625
1 0.6614793116074698 0.2020263671875 0.13218601244965214 0.032958984375
1 0.779934090076895 0.276611328125 0.08568290003661662 0.03369140625
1 0.6504943244232881 0.3787841796875 0.11094837056023435 0.034912109375
1 0.47894544123031857 0.3800048828125 0.12010252654705236 0.032470703125
1 0.2932991578176492 0.3841552734375 0.10545587696814354 0.026123046875
1 0.1272427682167704 0.3828125 0.1512266569022336 0.02587890625
1 0.10783595752471622 0.582763671875 0.11094837056023435 0.02490234375
1 0.29769315269132185 0.5302734375 0.11790552911021604 0.0322265625
1 0.47986085682900037 0.5789794921875 0.1365800073233248 0.032470703125
1 0.7674844379348225 0.444091796875 0.06078359575247162 0.03369140625
1 0.787074331746613 0.599365234375 0.09117539362870743 0.0419921875
1 0.6517759062614427 0.5843505859375 0.1135115342365434 0.023681640625
1 0.6484804101061882 0.771728515625 0.13401684364701574 0.02392578125
1 0.4897473452947638 0.772216796875 0.14610032954961552 0.0244140625
1 0.30556572683998534 0.7669677734375 0.11387770047601611 0.036376953125
1 0.13072134749176126 0.7716064453125 0.15598681801537898 0.026123046875
1 0.11699011351153424 0.9229736328125 0.13365067740754302 0.025146484375
1 0.3231417063346759 0.923828125 0.115342365433907 0.0244140625
1 0.5446722812156719 0.9232177734375 0.13072134749176126 0.023681640625
1 0.7427682167704137 0.938720703125 0.08678139875503478 0.033203125
0 0.7486268766019772 0.9676513671875 0.06261442694983523 0.018798828125
0 0.5285609666788722 0.9459228515625 0.061882094470889784 0.018310546875
0 0.32497253753203953 0.946044921875 0.08092273892347125 0.017578125
0 0.09978030025631637 0.9456787109375 0.06261442694983523 0.017333984375
0 0.11168070303917979 0.7939453125 0.08202123764188941 0.017578125
0 0.3088612229952398 0.794189453125 0.08092273892347125 0.0166015625
0 0.4772976931526913 0.7940673828125 0.07945807396558037 0.017333984375
0 0.6417063346759428 0.7940673828125 0.07945807396558037 0.017333984375
0 0.805382643720249 0.6307373046875 0.07726107652874405 0.015380859375
0 0.8086781398755035 0.6552734375 0.07579641157085316 0.01708984375
0 0.6554375686561699 0.6055908203125 0.08275357012083485 0.017333984375
0 0.3070303917978762 0.5589599609375 0.08824606371292566 0.018310546875
0 0.31435371658733063 0.6083984375 0.08678139875503478 0.01904296875
0 0.4714390333211278 0.6043701171875 0.08238740388136213 0.017333984375
0 0.11149761991944343 0.60546875 0.08311973636030758 0.01806640625
0 0.11186378615891615 0.406005859375 0.08092273892347125 0.01806640625
0 0.2997070670084218 0.40576171875 0.08165507140241669 0.0166015625
0 0.4683266202856097 0.4061279296875 0.061515928231417064 0.017822265625
0 0.8072134749176126 0.494873046875 0.07726107652874405 0.01611328125
0 0.8044672281215672 0.471435546875 0.07616257781032588 0.015625
0 0.6547052361772244 0.4058837890625 0.08128890516294397 0.018310546875
0 0.7956792383742219 0.3275146484375 0.062248260710362505 0.015869140625
0 0.7927499084584402 0.3043212890625 0.06078359575247162 0.015380859375
0 0.6561699011351153 0.228271484375 0.07909190772610765 0.017578125
0 0.47821310875137313 0.2283935546875 0.08202123764188941 0.017333984375
0 0.11168070303917979 0.2279052734375 0.08275357012083485 0.017333984375
0 0.2997070670084218 0.2281494140625 0.08238740388136213 0.017822265625