1 0.10252654705236178 0.1734619140625 0.12815818381545221 0.025634765625
0 0.08842914683266202 0.1962890625 0.06334675942878067 0.01806640625
1 0.23452947638227756 0.1676025390625 0.08165507140241669 0.035400390625
1 0.3711094837056023 0.1690673828125 0.09776638593921641 0.031982421875
1 0.5164774807762724 0.173583984375 0.10728670816550714 0.025390625
1 0.6526913218601245 0.1683349609375 0.12046869278652508 0.033935546875
1 0.6660563896008788 0.3807373046875 0.1047235444891981 0.024658203125
1 0.5300256316367631 0.3282470703125 0.1277920175759795 0.031982421875
1 0.3811790552911022 0.32763671875 0.12669351885756133 0.03271484375
1 0.25393628707433175 0.3746337890625 0.11168070303917979 0.034912109375
1 0.09758330281948005 0.3787841796875 0.11827169534968876 0.024658203125
1 0.7837788355913585 0.282470703125 0.09337239106554375 0.03369140625
1 0.7900036616623948 0.4473876953125 0.10582204320761626 0.032470703125
1 0.7821310875137313 0.592529296875 0.0871475649945075 0.04296875
1 0.6592823141706334 0.5806884765625 0.09117539362870743 0.024169921875
1 0.5241669718051996 0.580810546875 0.12339802270230685 0.02490234375
1 0.3899670450384475 0.57568359375 0.10325887953130722 0.033203125
1 0.25393628707433175 0.5738525390625 0.11387770047601611 0.035400390625
1 0.10270963017209814 0.57421875 0.1387770047601611 0.03857421875
1 0.09447088978396193 0.7501220703125 0.12376418894177957 0.033935546875
1 0.21347491761259613 0.7474365234375 0.08787989747345294 0.042236328125
1 0.3632369095569388 0.7547607421875 0.11863786158916148 0.027099609375
1 0.5227023068473087 0.74951171875 0.13218601244965214 0.0361328125
1 0.6587330648114244 0.7572021484375 0.10325887953130722 0.024658203125
0 0.25393628707433175 0.19580078125 0.08165507140241669 0.01806640625
0 0.3815452215305749 0.196044921875 0.08275357012083485 0.0185546875
0 0.5221530574880996 0.1959228515625 0.08055657268399853 0.018310546875
0 0.6521420725009154 0.196044921875 0.08128890516294397 0.017578125
0 0.8011717319663128 0.3104248046875 0.07835957524716221 0.016357421875
0 0.8044672281215672 0.3336181640625 0.07689491028927133 0.015869140625
0 0.6730135481508605 0.403564453125 0.0834859025997803 0.01806640625
0 0.5419260344196265 0.406005859375 0.08641523251556206 0.01953125
0 0.5344196265104357 0.357177734375 0.08824606371292566 0.01904296875
0 0.38593921640424755 0.35693359375 0.0871475649945075 0.01904296875
0 0.38282680336872943 0.4063720703125 0.06847308678139875 0.020263671875
0 0.25668253387037715 0.4031982421875 0.08202123764188941 0.017822265625
0 0.08751373123398022 0.4031982421875 0.06371292566825339 0.018798828125
0 0.09245697546686195 0.603271484375 0.08092273892347125 0.0185546875
0 0.25576711827169535 0.6031494140625 0.08238740388136213 0.017822265625
0 0.38557305016477483 0.603271484375 0.062248260710362505 0.01806640625
0 0.5124496521420725 0.6033935546875 0.061882094470889784 0.017822265625
0 0.6735627975100695 0.603271484375 0.07945807396558037 0.01806640625
0 0.7938484071768583 0.4739990234375 0.06005126327352618 0.016357421875
0 0.7973269864518492 0.4979248046875 0.0604174295129989 0.016357421875
0 0.8037348956426218 0.6246337890625 0.07762724276821677 0.016357421875
0 0.7973269864518492 0.648193359375 0.0604174295129989 0.017578125
0 0.6666056389600878 0.77978515625 0.08019040644452581 0.01806640625
0 0.5056755767118272 0.779541015625 0.062248260710362505 0.0185546875
0 0.35335042109117537 0.7796630859375 0.061515928231417064 0.017822265625
0 0.22024899304284146 0.780029296875 0.061882094470889784 0.01904296875
0 0.0825704870010985 0.77978515625 0.06334675942878067 0.01904296875