1 0.3393921640424753 0.1947021484375 0.10939216404247529 0.0360107421875
1 0.5096594653972905 0.20233154296875 0.09657634566093007 0.01953125
1 0.7039545953863053 0.19775390625 0.09703405346027097 0.03173828125
1 0.899168802636397 0.19607666015625 0.13868546320029293 0.03387451171875
1 0.34740021969974366 0.37674072265625 0.10710362504577078 0.03326416015625
1 0.5256792383742219 0.3802490234375 0.12953130721347492 0.0238037109375
1 0.7247821310875138 0.37841796875 0.12953130721347492 0.0244140625
1 0.8943610399121201 0.37872314453125 0.13365067740754302 0.0262451171875
1 0.8870377151226657 0.570068359375 0.1208348590259978 0.0177001953125
1 0.7014390333211278 0.5702197265625 0.14143170999633833 0.01800537109375
1 0.5254485536433541 0.5657958984375 0.12449652142072501 0.0250244140625
1 0.3579274990845844 0.567626953125 0.14646649578908824 0.0250244140625
1 0.3471731966312706 0.75515625 0.1203771512266569 0.03326416015625
1 0.5309410472354449 0.7630908203125 0.13914317099963383 0.01861572265625
1 0.7014390333211278 0.75714111328125 0.12495422922006591 0.0274658203125
1 0.8874954229220066 0.75851318359375 0.1190040278286342 0.02471923828125
1 0.7698645184913951 0.9254443359375 0.10801904064445259 0.02410888671875
1 0.5014207250091542 0.92498779296875 0.1267850604174295 0.0250244140625
1 0.2279384840717686 0.92803955078125 0.09520322226290737 0.0238037109375
1 0.07231783229586232 0.59219482421875 0.0604174295129989 0.02471923828125
1 0.09657634566093007 0.426484375 0.1135115342365434 0.02532958984375
1 0.09360307579641157 0.26931884765625 0.10664591724642988 0.04180908203125
0 0.33435371658733065 0.22369384765625 0.0636213841083852 0.0189208984375
0 0.521329183449286 0.22369384765625 0.08055657268399853 0.01708984375
0 0.7160856829000366 0.22369384765625 0.08009886488465763 0.018310546875
0 0.8890992310508972 0.22384765625 0.08192969608202123 0.01861572265625
0 0.35335042109117537 0.40252685546875 0.08238740388136213 0.01708984375
0 0.5114902965946541 0.40298583984375 0.06545221530574881 0.01861572265625
0 0.7108202123764189 0.40252685546875 0.0631636763090443 0.0189208984375
0 0.8877261076528744 0.40252685546875 0.08009886488465763 0.0177001953125
0 0.8858952764555108 0.59051513671875 0.08376052727938484 0.018310546875
0 0.6904540461369462 0.5894482421875 0.08009886488465763 0.01739501953125
0 0.5126327352618089 0.58975341796875 0.06407909190772611 0.01861572265625
0 0.33618454778469425 0.58990478515625 0.061790552911021604 0.01708984375
0 0.8774258513365067 0.7823193359375 0.0631636763090443 0.01861572265625
0 0.7758147198828268 0.94757080078125 0.07964115708531673 0.0177001953125
0 0.4897473452947638 0.948486328125 0.0604174295129989 0.018310546875
0 0.6897656536067375 0.78155517578125 0.0613328451116807 0.0189208984375
0 0.5217868912486269 0.78201416015625 0.08055657268399853 0.01800537109375
0 0.3371036250457708 0.78216552734375 0.0636213841083852 0.0177001953125
0 0.2293116074697913 0.9503173828125 0.062248260710362505 0.018310546875
0 0.09840717685829367 0.61492919921875 0.0613328451116807 0.0152587890625
0 0.10161113145367998 0.63888671875 0.0604174295129989 0.01617431640625
0 0.09566093006224827 0.4498291015625 0.062248260710362505 0.01708984375
0 0.09818015378982058 0.47332763671875 0.059959721713658 0.01708984375
0 0.09703405346027097 0.301513671875 0.0604174295129989 0.01708984375
0 0.10001098498718418 0.32379150390625 0.0608751373123398 0.0164794921875