1 0.1213235294117647 0.16551000645577793 0.13725490196078433 0.025661717236927048
1 0.29705882352941176 0.15978050355067785 0.12941176470588237 0.040025823111684955
1 0.5137254901960784 0.16494512588766946 0.1411764705882353 0.024531956100710135
1 0.6904411764705882 0.16599418979987088 0.11470588235294117 0.024047772756617174
1 0.8957107843137255 0.1659134925758554 0.14191176470588235 0.023886378308586184
1 0.8845588235294117 0.30858618463524856 0.12058823529411765 0.034538411878631374
1 0.7004901960784313 0.30971594577146544 0.13676470588235295 0.03260167850225952
1 0.5129901960784313 0.3136701097482247 0.14068627450980392 0.0250161394448031
1 0.3178921568627451 0.31407359586830214 0.14460784313725492 0.023240800516462233
1 0.13125 0.3143156875403486 0.158578431372549 0.023724983860555198
1 0.12683823529411764 0.4488379599741769 0.1482843137254902 0.03486120077469335
1 0.3159313725490196 0.45335700451904454 0.14019607843137255 0.02356358941252421
1 0.49558823529411766 0.4528728211749516 0.10490196078431373 0.02420916720464816
1 0.6922794117647059 0.45343770174306003 0.11838235294117647 0.026307295029051
1 0.8890931372549019 0.4490800516462234 0.12965686274509805 0.03340865074241446
1 0.8832107843137255 0.5944157520981278 0.1178921568627451 0.03066494512588767
1 0.6985294117647058 0.5955455132343448 0.13137254901960785 0.03131052291801162
1 0.5125 0.5936894770819884 0.1377450980392157 0.03147191736604261
1 0.3324754901960784 0.598047127178825 0.17279411764705882 0.025338928340865076
1 0.12389705882352942 0.5955455132343448 0.14338235294117646 0.03066494512588767
1 0.11678921568627451 0.7292608134280181 0.12867647058823528 0.02437056165267915
1 0.28125 0.724661071659135 0.15416666666666667 0.0329244673983215
1 0.4474264705882353 0.7253066494512589 0.12867647058823528 0.030987734021949646
1 0.6029411764705882 0.7272433828276307 0.09558823529411764 0.025500322788896062
1 0.9013480392156863 0.6677695287282117 0.1321078431372549 0.02437056165267915
0 0.9044117647058824 0.6916559070367979 0.10196078431372549 0.017269205939315687
0 0.6154411764705883 0.7520174306003874 0.08529411764705883 0.017591994835377663
0 0.4447303921568627 0.7522595222724339 0.0840686274509804 0.01872175597159458
0 0.2769607843137255 0.7526630083925113 0.10441176470588236 0.017914783731439638
0 0.10294117647058823 0.7525016139444803 0.0642156862745098 0.018237572627501614
0 0.1025735294117647 0.6213686249193028 0.06544117647058824 0.017753389283408652
0 0.30661764705882355 0.6209651387992253 0.08529411764705883 0.017269205939315687
0 0.5047794117647059 0.6209651387992253 0.08308823529411764 0.017269205939315687
0 0.6840686274509804 0.6212879276952873 0.06519607843137255 0.018237572627501614
0 0.8758578431372549 0.6212072304712718 0.0625 0.017430600387346677
0 0.8852941176470588 0.4765978050355068 0.08431372549019608 0.01872175597159458
0 0.6846813725490196 0.4767591994835378 0.0625 0.01872175597159458
0 0.4936274509803922 0.4766785022595223 0.06372549019607843 0.018237572627501614
0 0.2968137254901961 0.4766785022595223 0.0642156862745098 0.01856036152356359
0 0.11372549019607843 0.4766785022595223 0.0857843137254902 0.017914783731439638
0 0.10330882352941176 0.3369916074887024 0.06348039215686274 0.018398967075532603
0 0.2965686274509804 0.3375564880568108 0.0642156862745098 0.018237572627501614
0 0.4933823529411765 0.33747579083279533 0.0642156862745098 0.018076178179470628
0 0.694485294117647 0.33723369916074886 0.0821078431372549 0.018237572627501614
0 0.8752450980392157 0.33723369916074886 0.06274509803921569 0.017914783731439638
0 0.8759803921568627 0.18899289864428664 0.062254901960784315 0.018398967075532603
0 0.683578431372549 0.18883150419625566 0.06519607843137255 0.018076178179470628
0 0.5037990196078431 0.1882666236281472 0.08455882352941177 0.01856036152356359
0 0.29276960784313727 0.18988056810845708 0.0821078431372549 0.017269205939315687
0 0.10330882352941176 0.18858941252420916 0.0644607843137255 0.017269205939315687