1 0.35989247311827954 0.146943359375 0.14599555061179087 0.05096435546875
1 0.5098257322951427 0.15945556640625 0.10103819058212829 0.02593994140625
1 0.7114386355209492 0.15777587890625 0.1557285873192436 0.0274658203125
1 0.882695587690026 0.15945556640625 0.1200407860585836 0.02716064453125
1 0.34552465702632557 0.3099072265625 0.10984427141268076 0.02532958984375
1 0.5415758249907305 0.31158447265625 0.14136077122728957 0.0262451171875
1 0.7163070077864294 0.31143310546875 0.11447905079718206 0.02655029296875
1 0.8815350389321468 0.30532958984375 0.13255469039673712 0.03326416015625
0 0.34807193177604745 0.18264892578125 0.08435298479792362 0.01861572265625
0 0.5112161661104931 0.18280029296875 0.06488691138301816 0.0189208984375
0 0.6845569150908417 0.18280029296875 0.06488691138301816 0.0177001953125
0 0.8738895068594735 0.18280029296875 0.06535038932146829 0.018310546875
0 0.34366703744901744 0.3350830078125 0.06535038932146829 0.0177001953125
0 0.5230367074527252 0.3355419921875 0.06535038932146829 0.01861572265625
0 0.7107452725250278 0.3350830078125 0.06442343344456804 0.0177001953125
0 0.8662402669632926 0.3355419921875 0.06581386725991843 0.01861572265625
0 0.8708750463477939 0.64239501953125 0.06488691138301816 0.01953125
0 0.6979977753058955 0.64239501953125 0.06581386725991843 0.018310546875
0 0.5153874675565443 0.64239501953125 0.06581386725991843 0.01953125
0 0.34343715239154615 0.64224365234375 0.06581386725991843 0.01800537109375
0 0.33231368186874305 0.48995849609375 0.06488691138301816 0.01800537109375
0 0.5065813867259918 0.4896533203125 0.06488691138301816 0.01922607421875
0 0.7058769002595476 0.48995849609375 0.06581386725991843 0.01861572265625
0 0.8704115684093437 0.49285888671875 0.06395995550611791 0.0177001953125
1 0.8664738598442715 0.45944091796875 0.09779384501297739 0.01922607421875
1 0.6970708194289952 0.46554443359375 0.08620689655172414 0.02593994140625
1 0.5362439747868002 0.46600341796875 0.1622172784575454 0.0250244140625
1 0.34088987764182427 0.4615771484375 0.1200407860585836 0.03326416015625
1 0.339962921764924 0.618134765625 0.09872080088987764 0.02532958984375
1 0.5158509454949944 0.62225341796875 0.10289210233592881 0.0189208984375
1 0.7026325546903968 0.6126416015625 0.11401557285873193 0.03509521484375
1 0.886403411197627 0.618896484375 0.13116425658138672 0.025634765625
1 0.8843159065628476 0.7887255859375 0.10938079347423063 0.02593994140625
1 0.7188542825361512 0.7891845703125 0.13162773451983686 0.0250244140625
1 0.5318427882832778 0.790556640625 0.10613644790507971 0.02166748046875
1 0.3485354097144976 0.78826904296875 0.12421208750463478 0.0250244140625
1 0.5703114571746385 0.92071533203125 0.15155728587319245 0.035400390625
1 0.803670745272525 0.92391845703125 0.12328513162773452 0.02593994140625
0 0.8815350389321468 0.8123779296875 0.06488691138301816 0.018310546875
0 0.7049499443826474 0.81222412109375 0.06581386725991843 0.01861572265625
0 0.5311457174638488 0.81207275390625 0.06581386725991843 0.0189208984375
0 0.3374119391916945 0.812529296875 0.06581386725991843 0.01922607421875
0 0.7944011865035224 0.94894287109375 0.06303299962921764 0.01922607421875
0 0.5462106043752318 0.94879150390625 0.06535038932146829 0.018310546875
0 0.2609380793474231 0.9678662109375 0.06581386725991843 0.01983642578125
1 0.26974416017797553 0.94009521484375 0.11865035224323323 0.03265380859375