1 0.37022617723396367 0.158203125 0.13830181683351872 0.0263671875
1 0.553392658509455 0.1556396484375 0.12272895810159437 0.027099609375
1 0.7133852428624398 0.1552734375 0.10159436410826844 0.0244140625
1 0.903411197626993 0.1519775390625 0.13756025213199852 0.032958984375
1 0.8921023359288098 0.3084716796875 0.12532443455691508 0.032470703125
1 0.7274749721913237 0.3114013671875 0.14015572858731926 0.024658203125
1 0.5433815350389322 0.31201171875 0.14126807563959956 0.0244140625
1 0.360771227289581 0.3114013671875 0.11939191694475343 0.026123046875
1 0.36262513904338156 0.466552734375 0.14163885799035966 0.0244140625
1 0.531887282165369 0.46240234375 0.11753800519095291 0.03173828125
1 0.725064886911383 0.4664306640625 0.1353355580274379 0.024169921875
1 0.9047089358546533 0.4637451171875 0.10752688172043011 0.025634765625
1 0.8935854653318502 0.621826171875 0.11420096403411198 0.0341796875
1 0.7078235076010382 0.6275634765625 0.09862810530218762 0.026611328125
1 0.5342973674453096 0.62841796875 0.14163885799035966 0.02490234375
1 0.3361142009640341 0.628173828125 0.09825732295142751 0.02685546875
1 0.3489061920652577 0.78466796875 0.12680756395995552 0.02001953125
1 0.5317018909899889 0.784423828125 0.10381905821282907 0.01806640625
1 0.71449758991472 0.779052734375 0.12384130515387468 0.02392578125
1 0.8982202447163515 0.7811279296875 0.1457174638487208 0.024658203125
1 0.8192436040044494 0.92529296875 0.146459028550241 0.02392578125
1 0.5487578791249537 0.924560546875 0.14386355209492027 0.0234375
1 0.2925472747497219 0.9415283203125 0.11345939933259176 0.024169921875
0 0.2971820541342232 0.96484375 0.08565072302558398 0.01806640625
0 0.528550241008528 0.947509765625 0.06414534668149796 0.0185546875
0 0.796625880608083 0.94775390625 0.06488691138301816 0.0185546875
0 0.8869113830181683 0.803466796875 0.08379681127178347 0.0185546875
0 0.7041156840934372 0.8035888671875 0.06303299962921764 0.018798828125
0 0.5417130144605117 0.8037109375 0.08453837597330367 0.01806640625
0 0.335743418613274 0.803955078125 0.06414534668149796 0.01806640625
0 0.3502039302929181 0.6514892578125 0.08342602892102335 0.017333984375
0 0.5155728587319244 0.6512451171875 0.06414534668149796 0.017822265625
0 0.7078235076010382 0.6517333984375 0.06525769373377827 0.017822265625
0 0.8887652947719689 0.651123046875 0.06303299962921764 0.01708984375
0 0.9028550241008528 0.4901123046875 0.06229143492769744 0.017822265625
0 0.7076381164256581 0.490234375 0.06562847608453838 0.0185546875
0 0.5235446792732666 0.4901123046875 0.06674082313681869 0.018310546875
0 0.35446792732665927 0.4901123046875 0.08231368186874305 0.018310546875
0 0.3515016685205784 0.335205078125 0.06377456433073786 0.01806640625
0 0.5239154616240267 0.3350830078125 0.06525769373377827 0.017822265625
0 0.7094920281794587 0.335205078125 0.06340378197997776 0.017578125
0 0.71412680756396 0.1806640625 0.06525769373377827 0.017578125
0 0.5433815350389322 0.1807861328125 0.06562847608453838 0.019287109375
0 0.36336670374490176 0.1807861328125 0.08305524657026325 0.017822265625
0 0.885799035965888 0.1800537109375 0.06377456433073786 0.017822265625
0 0.8798665183537263 0.3358154296875 0.06748238783833889 0.018798828125