1 0.3337348956426217 0.2985498046875 0.1161259611863786 0.03278564453125
1 0.5040021969974369 0.2983740234375 0.11874404979860857 0.0324365234375
1 0.678454778469425 0.3022119140625 0.13391065543756864 0.02406494140625
1 0.8479348224093739 0.29889892578125 0.10566459172464299 0.0334814453125
1 0.33975100695715854 0.45392822265625 0.13234346393262542 0.0324365234375
1 0.49354082753570117 0.45811279296875 0.09677407543024534 0.02406494140625
1 0.6564848041010618 0.45793701171875 0.09729403149029658 0.0244140625
1 0.8544745514463568 0.4535791015625 0.11978762358110581 0.03173828125
0 0.33582570487001095 0.32575439453125 0.08264738191138778 0.0188330078125
0 0.4964152325155621 0.32505615234375 0.06172464298791651 0.0188330078125
0 0.6619772976931526 0.3254052734375 0.0632954961552545 0.0188330078125
0 0.845584035151959 0.32453369140625 0.06120102526547052 0.01708984375
0 0.32431709996338337 0.4802587890625 0.06381911387770048 0.01813720703125
0 0.4958952764555108 0.47990966796875 0.0627718784328085 0.01813720703125
0 0.658575613328451 0.47990966796875 0.06172464298791651 0.01813720703125
0 0.8453203954595387 0.4802587890625 0.0627718784328085 0.0188330078125
1 0.31751739289637493 0.61540771484375 0.08369461735627975 0.01848388671875
1 0.4922336140607836 0.61192138671875 0.09415598681801537 0.02406494140625
1 0.6677297693152691 0.6122705078125 0.10514097400219699 0.02476318359375
1 0.8510765287440498 0.61052490234375 0.08787989747345294 0.02476318359375
1 0.3183046503112413 0.7666015625 0.08735627975100696 0.0244140625
1 0.49354082753570117 0.76799560546875 0.09886488465763457 0.0251123046875
1 0.6771475649945075 0.76398681640625 0.126067374588063 0.03173828125
1 0.8557817649212742 0.76695068359375 0.1213584767484438 0.0244140625
0 0.3345184913950934 0.63441650390625 0.0821274258513365 0.01813720703125
0 0.4956316367630904 0.6340673828125 0.0632954961552545 0.01813720703125
0 0.6734859025997803 0.6340673828125 0.08317099963383376 0.01743896484375
0 0.8565690223361406 0.63389404296875 0.062248260710362505 0.0177880859375
0 0.32431709996338337 0.78962158203125 0.06486268766019772 0.01813720703125
0 0.4956316367630904 0.7903173828125 0.062248260710362505 0.01813720703125
0 0.6638081288905162 0.78962158203125 0.06172464298791651 0.01674072265625
0 0.8461039912120103 0.78962158203125 0.06433906993775174 0.01813720703125
0 0.32431709996338337 0.94621826171875 0.06381911387770048 0.01953125
0 0.4956316367630904 0.946044921875 0.0632954961552545 0.01918212890625
0 0.6685133650677407 0.94587158203125 0.0627718784328085 0.01813720703125
0 0.8400915415598682 0.94587158203125 0.0627718784328085 0.01813720703125
1 0.8471512266569023 0.92320068359375 0.1135115342365434 0.0237158203125
1 0.6826400585865983 0.9228515625 0.12763456609300622 0.0244140625
1 0.5024313438300989 0.9228515625 0.1135115342365434 0.0237158203125
1 0.3400109849871842 0.9233740234375 0.13077261076528743 0.02406494140625