1 0.1114536799707067 0.18447998046875 0.13502380080556572 0.02655029296875
1 0.27119370194068104 0.1853955078125 0.1158000732332479 0.02532958984375
1 0.42337971439033323 0.18524169921875 0.10344196265104358 0.0250244140625
1 0.5700768949102893 0.18463134765625 0.09199926766752105 0.025634765625
0 0.10115342365433908 0.208740234375 0.0604174295129989 0.0164794921875
0 0.10252654705236178 0.232392578125 0.0604174295129989 0.01739501953125
0 0.28149029659465397 0.232392578125 0.07689491028927133 0.01678466796875
0 0.27920175759794946 0.20889404296875 0.07597949469058952 0.01556396484375
0 0.4382570487001099 0.208740234375 0.07552178689124862 0.015869140625
0 0.4405455876968144 0.23208740234375 0.07643720248993043 0.01617431640625
0 0.5826620285609667 0.2325439453125 0.0604174295129989 0.0164794921875
0 0.581288905162944 0.208740234375 0.0585865983156353 0.0146484375
0 0.7444599047967777 0.20904541015625 0.07735261808861223 0.0164794921875
0 0.9062614426949835 0.2085888671875 0.07506407909190772 0.01495361328125
0 0.9080922738923471 0.23208740234375 0.07689491028927133 0.01617431640625
0 0.7460637129256682 0.23208740234375 0.07689491028927133 0.01678466796875
0 0.9025997803002563 0.40969970703125 0.07781032588795313 0.01617431640625
0 0.9048883192969608 0.432587890625 0.07781032588795313 0.01617431640625
0 0.7465214207250092 0.43304443359375 0.062248260710362505 0.015869140625
0 0.7442328817283046 0.40969970703125 0.0604174295129989 0.01556396484375
0 0.603947272061516 0.40985107421875 0.07735261808861223 0.0152587890625
0 0.5963932625411937 0.4331982421875 0.062248260710362505 0.01617431640625
0 0.4396301720981326 0.43289306640625 0.061790552911021604 0.01617431640625
0 0.4364262175027463 0.4100048828125 0.061790552911021604 0.01678466796875
0 0.1169461735627975 0.40969970703125 0.07735261808861223 0.01617431640625
0 0.1190040278286342 0.433349609375 0.07872574148663493 0.0164794921875
0 0.2881288905162944 0.40969970703125 0.07643720248993043 0.01556396484375
0 0.289959721713658 0.4327392578125 0.07643720248993043 0.0164794921875
0 0.13662760893445625 0.60943603515625 0.08284511168070303 0.0177001953125
0 0.3293225924569755 0.60943603515625 0.08467594287806664 0.0177001953125
0 0.5037092640058587 0.60958984375 0.08284511168070303 0.01678466796875
0 0.6847308678139875 0.609892578125 0.08330281948004394 0.01739501953125
0 0.8600329549615525 0.60958740234375 0.08330281948004394 0.01739501953125
0 0.8430977663859393 0.74188232421875 0.08055657268399853 0.01708984375
0 0.6808421823507873 0.7420361328125 0.08192969608202123 0.01739501953125
0 0.5005053094104724 0.74005126953125 0.08376052727938484 0.0189208984375
0 0.12930428414500184 0.74203369140625 0.08192969608202123 0.01678466796875
0 0.32954961552544854 0.7435595703125 0.08330281948004394 0.01800537109375
1 0.8584328084950568 0.70968505859375 0.15150128158183815 0.04119873046875
1 0.8673562797510069 0.5787646484375 0.13456609300622482 0.03997802734375
1 0.6911387770047601 0.5816650390625 0.13731233980227023 0.0341796875
1 0.6925119004027829 0.7098388671875 0.14646649578908824 0.0408935546875
1 0.5192713291834493 0.7154833984375 0.15790919077261076 0.02349853515625
1 0.5062248260710362 0.58578369140625 0.1263273526180886 0.02410888671875
1 0.318106920541926 0.58517333984375 0.09703405346027097 0.02471923828125
1 0.34694251190040276 0.71945068359375 0.15195898938117905 0.02410888671875
1 0.14097400219699743 0.71395751953125 0.14463566459172464 0.03509521484375
1 0.15378982057854265 0.58074951171875 0.15104357378249725 0.0335693359375
1 0.10710362504577078 0.38604736328125 0.11076528744049799 0.0262451171875
1 0.27050530941047235 0.38223388671875 0.10069571585499817 0.03326416015625
1 0.44077261076528745 0.3851318359375 0.119919443427316 0.0286865234375
1 0.5835774441596485 0.38299560546875 0.08971072867081654 0.0311279296875
1 0.742402050530941 0.38223388671875 0.11168070303917979 0.03143310546875
1 0.8982533870377152 0.38162353515625 0.1212925668253387 0.03326416015625
1 0.894591724642988 0.185546875 0.10847674844379349 0.0244140625
1 0.7364518491395093 0.18157958984375 0.1171731966312706 0.03173828125