1 0.15067740754302453 0.2803955078125 0.15415598681801537 0.017333984375
1 0.337422189674112 0.277587890625 0.1548883192969608 0.0244140625
1 0.49926766752105456 0.272705078125 0.12705968509703405 0.03515625
1 0.4967045038447455 0.4146728515625 0.13804467228121567 0.018798828125
1 0.3057488099597217 0.4136962890625 0.08934456243134382 0.024658203125
1 0.1314536799707067 0.409912109375 0.11863786158916148 0.0322265625
0 0.12284877334309777 0.30029296875 0.06114976199194434 0.017578125
0 0.3094104723544489 0.2999267578125 0.061515928231417064 0.017822265625
0 0.48407176858293666 0.3004150390625 0.06298059318930795 0.017333984375
0 0.47674844379348225 0.43408203125 0.061515928231417064 0.01806640625
0 0.31160746979128523 0.4371337890625 0.06005126327352618 0.018310546875
0 0.12101794214573416 0.43701171875 0.06261442694983523 0.01708984375
0 0.6645917246429879 0.2999267578125 0.08128890516294397 0.017333984375
0 0.8332112779201758 0.2999267578125 0.06554375686561699 0.017333984375
0 0.8467594287806665 0.4346923828125 0.06334675942878067 0.017822265625
1 0.8623214939582571 0.4078369140625 0.1296228487733431 0.034423828125
1 0.8612229952398389 0.277587890625 0.1545221530574881 0.02392578125
1 0.6709996338337605 0.27734375 0.13438300988648846 0.02294921875
1 0.8685463200292933 0.583984375 0.074697912852435 0.03173828125
1 0.7334309776638593 0.5377197265625 0.12669351885756133 0.040771484375
1 0.5803734895642622 0.58837890625 0.11277920175759795 0.02490234375
1 0.10179421457341634 0.587158203125 0.09740021969974369 0.0234375
1 0.26858293665324057 0.587646484375 0.11461003295496155 0.0234375
1 0.431893079458074 0.5830078125 0.11753936287074332 0.033203125
0 0.10362504577077994 0.6103515625 0.061515928231417064 0.01806640625
0 0.27279384840717685 0.6102294921875 0.07909190772610765 0.017333984375
0 0.42328817283046505 0.6099853515625 0.061515928231417064 0.017822265625
0 0.5743317466129623 0.6104736328125 0.06334675942878067 0.018310546875
0 0.7387403881362138 0.56787109375 0.08604906627608934 0.01806640625
0 0.8917978762358111 0.609619140625 0.08311973636030758 0.01708984375
0 0.7442328817283046 0.6129150390625 0.08678139875503478 0.019287109375
0 0.9139509337239107 0.8514404296875 0.08202123764188941 0.017822265625
0 0.7541193701940682 0.851318359375 0.08019040644452581 0.017578125
0 0.5856829000366166 0.8514404296875 0.08238740388136213 0.017333984375
1 0.5920908092273892 0.828125 0.1332845111680703 0.02392578125
1 0.7590626144269499 0.8284912109375 0.1296228487733431 0.024658203125
1 0.9112046869278653 0.8289794921875 0.11168070303917979 0.023681640625
1 0.12651043573782497 0.8294677734375 0.1277920175759795 0.024169921875
1 0.3075796411570853 0.8292236328125 0.09740021969974369 0.025634765625
1 0.445624313438301 0.8289794921875 0.1259611863786159 0.025634765625
0 0.11113145367997071 0.851806640625 0.061882094470889784 0.0185546875
0 0.30776272427682166 0.8514404296875 0.06481142438667155 0.016845703125
0 0.43335774441596486 0.8514404296875 0.05968509703405346 0.016357421875