1 0.12769002595476456 0.176240234375 0.16082684464219504 0.01922607421875
1 0.2910641453466815 0.17364501953125 0.12606599925843529 0.0250244140625
1 0.4685761957730812 0.16845703125 0.1353355580274379 0.032958984375
1 0.6377456433073786 0.17364501953125 0.12328513162773452 0.0262451171875
1 0.12583611420096402 0.366669921875 0.16731553578049685 0.02532958984375
1 0.2864293659621802 0.3662109375 0.10196514645902854 0.025634765625
1 0.46486837226548017 0.369873046875 0.13348164627363737 0.01953125
1 0.6298665183537263 0.35858154296875 0.11123470522803114 0.0421142578125
1 0.11401557285873193 0.55923583984375 0.1353355580274379 0.02593994140625
1 0.2896737115313311 0.559541015625 0.12421208750463478 0.02593994140625
1 0.4875787912495365 0.55450439453125 0.1696329254727475 0.0335693359375
1 0.6442343344456803 0.55923583984375 0.12606599925843529 0.02655029296875
1 0.6180496848350019 0.7432568359375 0.08945124212087505 0.02471923828125
1 0.3990545050055617 0.7440185546875 0.14553207267334076 0.0250244140625
1 0.13209121245828698 0.7452392578125 0.11586948461253245 0.0244140625
1 0.43868372265480166 0.9266650390625 0.08759733036707452 0.02655029296875
1 0.2257137560252132 0.927275390625 0.19558769002595477 0.02655029296875
1 0.7478235076010382 0.94207763671875 0.11540600667408231 0.0360107421875
1 0.7888394512421208 0.59951904296875 0.09733036707452725 0.03448486328125
1 0.778642936596218 0.4563916015625 0.07971820541342232 0.03387451171875
1 0.7823507601038191 0.30349853515625 0.08991472005932517 0.03326416015625
0 0.1096143863552095 0.19607666015625 0.08481646273637375 0.01800537109375
0 0.2910641453466815 0.19622802734375 0.08527994067482388 0.018310546875
0 0.46463848720800893 0.19607666015625 0.08481646273637375 0.01861572265625
0 0.6377456433073786 0.196533203125 0.08435298479792362 0.0189208984375
0 0.10381905821282907 0.3900146484375 0.08620689655172414 0.018310546875
0 0.2982499073044123 0.38970947265625 0.085743418613274 0.018310546875
0 0.4595402298850575 0.38970947265625 0.085743418613274 0.018310546875
0 0.6372821653689285 0.3900146484375 0.08527994067482388 0.0189208984375
0 0.10868743047830923 0.5828857421875 0.08667037449017427 0.0189208984375
0 0.2797107897664071 0.58303955078125 0.06627734519836856 0.01861572265625
0 0.4532814238042269 0.5828857421875 0.06488691138301816 0.0189208984375
0 0.6437708565072302 0.5828857421875 0.08435298479792362 0.0177001953125
0 0.6372821653689285 0.76812744140625 0.08620689655172414 0.01953125
0 0.3879310344827586 0.7676708984375 0.08620689655172414 0.01800537109375
0 0.13579903596588802 0.76797607421875 0.08527994067482388 0.01800537109375
0 0.7635817575083427 0.9706103515625 0.10428253615127919 0.01861572265625
0 0.45837968112717836 0.95046875 0.08435298479792362 0.01922607421875
0 0.1914163885799036 0.95001220703125 0.08342602892102335 0.0177001953125
0 0.799962921764924 0.6266796875 0.06210604375231739 0.01617431640625
0 0.8022803114571746 0.65093994140625 0.06395995550611791 0.0164794921875
0 0.7990359658880237 0.508271484375 0.06674082313681869 0.01617431640625
0 0.796952169076752 0.48477294921875 0.06349647756766778 0.01800537109375
0 0.8076121616611049 0.35537841796875 0.08203559510567297 0.01678466796875
0 0.8045977011494253 0.33172607421875 0.08157211716722285 0.01708984375