1 0.11237745098039216 0.16139444803098774 0.1267156862745098 0.03647514525500323
1 0.2884803921568627 0.15719819238218205 0.1411764705882353 0.04389928986442866
1 0.47904411764705884 0.16115235635894126 0.1321078431372549 0.034377017430600385
1 0.6263480392156863 0.15986120077469335 0.0982843137254902 0.03340865074241446
0 0.6278186274509804 0.18988056810845708 0.06397058823529411 0.018883150419625565
0 0.4738970588235294 0.18988056810845708 0.08357843137254901 0.017914783731439638
0 0.26862745098039215 0.18988056810845708 0.06568627450980392 0.01856036152356359
0 0.10061274509803922 0.18988056810845708 0.06348039215686274 0.017914783731439638
1 0.10196078431372549 0.30963524854744995 0.11323529411764706 0.023402194964493223
1 0.2672794117647059 0.31011943189154295 0.1125 0.02437056165267915
1 0.6360294117647058 0.30124273724983863 0.11470588235294117 0.041155584247901875
1 0.4730392156862745 0.3079406068431246 0.1377450980392157 0.02356358941252421
0 0.6404411764705882 0.3329567462879277 0.08235294117647059 0.01872175597159458
0 0.45379901960784313 0.3330374435119432 0.0644607843137255 0.018237572627501614
0 0.2721813725490196 0.3327953518398967 0.08259803921568627 0.017753389283408652
0 0.09644607843137255 0.3329567462879277 0.06151960784313725 0.017753389283408652
1 0.11262254901960785 0.4434312459651388 0.1213235294117647 0.041155584247901875
1 0.28566176470588234 0.4497256294383473 0.1517156862745098 0.03211749515816656
1 0.4675245098039216 0.4550516462233699 0.11348039215686274 0.024047772756617174
1 0.6426470588235295 0.45327630729502905 0.153921568627451 0.023724983860555198
0 0.6178921568627451 0.47788896061975467 0.06372549019607843 0.018398967075532603
0 0.47377450980392155 0.47796965784377016 0.08186274509803922 0.017914783731439638
0 0.26066176470588237 0.47788896061975467 0.06397058823529411 0.018398967075532603
0 0.10208333333333333 0.47805035506778565 0.06348039215686274 0.017753389283408652
1 0.11899509803921568 0.6074887023886378 0.1355392156862745 0.02485474499677211
1 0.27291666666666664 0.6089412524209167 0.10563725490196078 0.02646868947708199
1 0.46397058823529413 0.6091833440929632 0.10147058823529412 0.025984506132989024
1 0.6372549019607843 0.6093447385409941 0.10441176470588236 0.02695287282117495
0 0.6371323529411764 0.6329890251775339 0.06348039215686274 0.01872175597159458
0 0.464093137254902 0.6329890251775339 0.06151960784313725 0.018076178179470628
0 0.26973039215686273 0.6331504196255648 0.06348039215686274 0.018398967075532603
0 0.1133578431372549 0.6329890251775339 0.08259803921568627 0.018398967075532603
1 0.10404411764705883 0.7677533892834086 0.09142156862745097 0.028405422853453842
1 0.2935049019607843 0.7647675919948353 0.1355392156862745 0.03405422853453841
1 0.6441176470588236 0.7692059393156876 0.12352941176470589 0.025177533892834086
1 0.4732843137254902 0.7695287282117496 0.11323529411764706 0.02356358941252421
0 0.6446078431372549 0.7934151065203358 0.08186274509803922 0.018398967075532603
0 0.478921568627451 0.7930116204002582 0.08235294117647059 0.017914783731439638
0 0.2861519607843137 0.7930116204002582 0.0840686274509804 0.01856036152356359
0 0.11875 0.7929309231762427 0.08357843137254901 0.01872175597159458
0 0.10122549019607843 0.9485958683021304 0.0857843137254902 0.01856036152356359
0 0.27794117647058825 0.9488379599741769 0.061764705882352944 0.018398967075532603
0 0.44375 0.9487572627501614 0.06151960784313725 0.018237572627501614
0 0.5935049019607843 0.9484344738540994 0.06348039215686274 0.017914783731439638
0 0.7762254901960784 0.9640897353131053 0.08186274509803922 0.018237572627501614
1 0.7669117647058824 0.9329406068431246 0.10441176470588236 0.040510006455777924
1 0.600735294117647 0.9217236927049709 0.11813725490196078 0.0316333118140736
1 0.44865196078431374 0.9236604260813428 0.11348039215686274 0.03001936733376372
1 0.28982843137254904 0.921078114912847 0.12769607843137254 0.03357004519044545
1 0.10772058823529412 0.922207876049064 0.1375 0.026791478373143964