1 0.10779201757597949 0.18341064453125 0.12403881362138411 0.032958984375
1 0.289959721713658 0.18707275390625 0.1176309044306115 0.023193359375
1 0.47853533504210916 0.186767578125 0.16431709996338337 0.0244140625
1 0.6403332112779202 0.1817333984375 0.1254119370194068 0.03265380859375
1 0.7767301354815086 0.28 0.07140241669718052 0.03509521484375
1 0.784053460270963 0.4339599609375 0.08696448187477114 0.04150390625
1 0.7902343463932626 0.59234619140625 0.09932259245697547 0.048828125
1 0.10413035518125228 0.4071044921875 0.1194617356279751 0.0244140625
1 0.27577077993409005 0.40145751953125 0.09566093006224827 0.03509521484375
1 0.47853533504210916 0.36117431640625 0.14417795679238374 0.02410888671875
1 0.6474295129989015 0.35690185546875 0.13044672281215672 0.03204345703125
1 0.10413035518125228 0.59646728515625 0.1176309044306115 0.02288818359375
1 0.2988831929696082 0.5914306640625 0.14280483339436104 0.032958984375
1 0.4764738191138777 0.59585693359375 0.1171731966312706 0.02471923828125
1 0.617678506041743 0.59661865234375 0.07369095569388502 0.023193359375
1 0.6284328084950568 0.7701123046875 0.09337239106554375 0.02532958984375
1 0.4828817283046503 0.77072265625 0.14005858659831563 0.02349853515625
1 0.29590992310508973 0.77041748046875 0.13136213841083852 0.02471923828125
1 0.09314536799707067 0.77117919921875 0.09566093006224827 0.0262451171875
1 0.11305382643720249 0.919189453125 0.1263273526180886 0.0238037109375
1 0.3229146832662029 0.91903564453125 0.13960087879897473 0.02410888671875
1 0.5281948004393995 0.91094970703125 0.13365067740754302 0.0250244140625
1 0.752240937385573 0.9429931640625 0.11122299523983889 0.0347900390625
0 0.756590992310509 0.9703076171875 0.08330281948004394 0.01739501953125
0 0.512175027462468 0.936279296875 0.0613328451116807 0.0189208984375
0 0.3011717319663127 0.9422314453125 0.06407909190772611 0.01800537109375
0 0.27965946539729036 0.79315185546875 0.06407909190772611 0.0177001953125
0 0.46251556206517763 0.7933056640625 0.0636213841083852 0.01800537109375
0 0.6426217502746246 0.79315185546875 0.08147198828268033 0.0177001953125
0 0.09978030025631637 0.94222900390625 0.0631636763090443 0.01861572265625
0 0.09657634566093007 0.79345703125 0.0604174295129989 0.0177001953125
0 0.10504577077993409 0.61782958984375 0.08101428048333943 0.01739501953125
0 0.2872134749176126 0.61798095703125 0.08284511168070303 0.0177001953125
0 0.46800805565726844 0.61798095703125 0.061790552911021604 0.01708984375
0 0.640563896008788 0.618134765625 0.08284511168070303 0.01739501953125
0 0.10596118637861589 0.42953369140625 0.08009886488465763 0.01678466796875
0 0.2895020139143171 0.42953369140625 0.08009886488465763 0.01739501953125
0 0.47395825704870015 0.38558837890625 0.08742218967411204 0.01678466796875
0 0.470523617722446 0.43487548828125 0.06865616990113511 0.018310546875
0 0.6577261076528744 0.4351806640625 0.08604906627608934 0.0189208984375
0 0.6497180519956061 0.38543701171875 0.08650677407543024 0.018310546875
0 0.10550347857927499 0.20889404296875 0.08376052727938484 0.01678466796875
0 0.29179055291102163 0.20828369140625 0.08192969608202123 0.01739501953125
0 0.4556499450750641 0.2085888671875 0.08192969608202123 0.01739501953125
0 0.6380446722812156 0.20828369140625 0.08055657268399853 0.01861572265625
0 0.8062541193701941 0.3070068359375 0.07643720248993043 0.015869140625
0 0.8085426583668986 0.33035400390625 0.07643720248993043 0.01617431640625
0 0.8062541193701941 0.4652392578125 0.07643720248993043 0.01556396484375
0 0.8087696814353716 0.4884326171875 0.07689491028927133 0.01678466796875
0 0.798242402050531 0.62774658203125 0.062248260710362505 0.0152587890625
0 0.8016770413767851 0.65109130859375 0.0608751373123398 0.01678466796875