1 0.332220986281053 0.1881103515625 0.11865035224323323 0.024658203125
1 0.4773822766036337 0.188720703125 0.12495365220615498 0.02490234375
1 0.6203188728216537 0.18798828125 0.1164256581386726 0.02490234375
1 0.7691879866518354 0.1839599609375 0.12421208750463478 0.031982421875
1 0.06637004078605858 0.2781982421875 0.07341490545050056 0.041748046875
1 0.067853170189099 0.4422607421875 0.078605858361142 0.050048828125
1 0.0824990730441231 0.5987548828125 0.10418984056358917 0.032470703125
1 0.9067482387838339 0.1883544921875 0.11753800519095291 0.025634765625
1 0.8950685947348906 0.3704833984375 0.12606599925843529 0.023681640625
1 0.7131998516870597 0.373291015625 0.13162773451983686 0.01953125
1 0.5291064145346681 0.3663330078125 0.10530218761586949 0.032470703125
1 0.3455691509084168 0.3704833984375 0.11420096403411198 0.023681640625
1 0.3527994067482388 0.5474853515625 0.12791991101223582 0.023681640625
1 0.5328142380422692 0.5472412109375 0.11494252873563218 0.025634765625
1 0.7139414163885799 0.546875 0.10641453466814979 0.02587890625
1 0.903411197626993 0.5467529296875 0.1353355580274379 0.023193359375
1 0.8934000741564702 0.7294921875 0.10196514645902854 0.02490234375
1 0.7026325546903968 0.7296142578125 0.08453837597330367 0.023681640625
1 0.5380051909529107 0.7298583984375 0.12532443455691508 0.025634765625
1 0.35335558027437897 0.7257080078125 0.12977382276603633 0.033447265625
1 0.271412680756396 0.9429931640625 0.11568409343715239 0.024169921875
1 0.4495736002966259 0.924072265625 0.14275120504263997 0.02490234375
1 0.5954764553207267 0.9197998046875 0.08602150537634409 0.031982421875
1 0.7404523544679273 0.923095703125 0.10307749351130886 0.025390625
1 0.9032258064516129 0.9228515625 0.1468298109010011 0.02490234375
0 0.8813496477567668 0.9464111328125 0.06377456433073786 0.018310546875
0 0.739340007415647 0.9468994140625 0.06525769373377827 0.018310546875
0 0.6028921023359288 0.9466552734375 0.06525769373377827 0.018310546875
0 0.42973674453096034 0.9464111328125 0.06377456433073786 0.017822265625
0 0.26399703374119393 0.9666748046875 0.06525769373377827 0.018798828125
0 0.08972932888394512 0.626220703125 0.06303299962921764 0.01611328125
0 0.0925101965146459 0.6510009765625 0.06414534668149796 0.016845703125
0 0.0867630700778643 0.4783935546875 0.06303299962921764 0.015869140625
0 0.08917315535780497 0.502685546875 0.06340378197997776 0.017578125
0 0.08880237300704487 0.31005859375 0.06117908787541713 0.01611328125
0 0.09065628476084539 0.3345947265625 0.06340378197997776 0.016845703125
0 0.3350018539117538 0.2110595703125 0.08416759362254357 0.018310546875
0 0.4668149796069707 0.2113037109375 0.06303299962921764 0.017822265625
0 0.6127178346310715 0.2110595703125 0.06562847608453838 0.017333984375
0 0.7601038190582128 0.2115478515625 0.06303299962921764 0.018798828125
0 0.899888765294772 0.21142578125 0.06525769373377827 0.017578125
0 0.8826473859844272 0.3934326171875 0.06414534668149796 0.018798828125
0 0.699666295884316 0.393798828125 0.06229143492769744 0.0185546875
0 0.5378197997775306 0.39306640625 0.08268446421950315 0.01806640625
0 0.3388950685947349 0.39306640625 0.06525769373377827 0.01806640625
0 0.3394512421208751 0.56982421875 0.06488691138301816 0.01806640625
0 0.5266963292547274 0.5703125 0.06637004078605858 0.01806640625
0 0.7124582869855395 0.5701904296875 0.06488691138301816 0.018310546875
0 0.8870967741935484 0.5701904296875 0.06488691138301816 0.018798828125
0 0.9039673711531331 0.7530517578125 0.08602150537634409 0.018310546875
0 0.7122728958101594 0.7532958984375 0.06599925843529848 0.019287109375
0 0.5374490174267705 0.752685546875 0.08416759362254357 0.017578125
0 0.3394512421208751 0.7529296875 0.06488691138301816 0.01806640625