1 0.13215737240075615 0.3731206679269061 0.15764177693761813 0.03420604914933837
1 0.2990808128544424 0.3730088216761185 0.11612240075614366 0.032630749842470066
1 0.4982443289224953 0.37795998739760556 0.11342155009451796 0.023629489603024575
0 0.1027882797731569 0.4001260239445495 0.06245037807183365 0.017553560176433523
0 0.290304820415879 0.40068840579710147 0.0621124763705104 0.017328292375551356
0 0.49132561436672967 0.40023787019533713 0.06245037807183365 0.017328292375551356
0 0.8751346880907372 0.4000141776937618 0.08135396975425331 0.017328292375551356
0 0.6916682419659735 0.4001260239445495 0.08236531190926276 0.01665248897290485
1 0.69234404536862 0.37750945179584117 0.11814744801512288 0.02272999369880277
1 0.8942084120982987 0.37762129804662886 0.1573038752362949 0.024754253308128544
1 0.8747967863894139 0.5717218021424071 0.08067816635160681 0.023178954001260237
1 0.7117533081285444 0.5673330182734719 0.139413988657845 0.031055450535601763
1 0.513773629489603 0.5717218021424071 0.15392958412098298 0.023178954001260237
0 0.486429584120983 0.594450220541903 0.06008742911153119 0.01777882797731569
0 0.6908246691871456 0.594450220541903 0.06312381852551985 0.01687775677378702
0 0.8832372400756144 0.594450220541903 0.06245037807183365 0.01687775677378702
0 0.3068454631379962 0.5939996849401387 0.06143667296786389 0.016428796471329554
0 0.10548913043478261 0.5939996849401387 0.06109877126654064 0.017328292375551356
1 0.10531899810964082 0.5711578449905482 0.0985680529300567 0.023404221802142407
1 0.3090406427221172 0.5673330182734719 0.10295604914933837 0.03195652173913044