1 0.355181252288539 0.1837158203125 0.10399121201025266 0.024169921875
1 0.5303917978762358 0.1837158203125 0.09849871841816185 0.024169921875
1 0.7132918344928597 0.1846923828125 0.10618820944708898 0.018798828125
1 0.8870377151226657 0.1832275390625 0.13218601244965214 0.024658203125
1 0.8842914683266203 0.361572265625 0.13035518125228854 0.02490234375
1 0.7079824240205053 0.356201171875 0.09190772610765287 0.0302734375
1 0.5433906993775174 0.3612060546875 0.12156719150494324 0.025146484375
1 0.3665324057121933 0.361328125 0.1296228487733431 0.02392578125
1 0.0853167337971439 0.283203125 0.09007689491028927 0.03271484375
1 0.10490662760893446 0.43798828125 0.12705968509703405 0.03271484375
1 0.34968875869644817 0.53662109375 0.09227389234712559 0.0244140625
1 0.54778469425119 0.5372314453125 0.15159282314170633 0.025146484375
1 0.7160380812889051 0.5400390625 0.11241303551812523 0.02001953125
1 0.8777004760161113 0.5364990234375 0.1171731966312706 0.024658203125
1 0.8745880629805932 0.7276611328125 0.10362504577077994 0.023193359375
1 0.7198828268033687 0.7318115234375 0.12010252654705236 0.016357421875
1 0.5232515562065178 0.7249755859375 0.0834859025997803 0.031982421875
1 0.3513365067740754 0.7298583984375 0.09630172098132553 0.023681640625
1 0.8648846576345661 0.9208984375 0.08934456243134382 0.02392578125
1 0.7056023434639326 0.91748046875 0.13035518125228854 0.03173828125
1 0.5400952032222629 0.9178466796875 0.1208348590259978 0.026611328125
1 0.3976565360673746 0.9163818359375 0.10765287440497986 0.032470703125
1 0.24386671548883193 0.9324951171875 0.06078359575247162 0.023681640625
1 0.08549981691688026 0.598876953125 0.0889783961918711 0.03271484375
0 0.3628707433174661 0.206298828125 0.08128890516294397 0.01806640625
0 0.540644452581472 0.2060546875 0.07945807396558037 0.017578125
0 0.7105455876968143 0.2059326171875 0.061882094470889784 0.017822265625
0 0.8798974734529477 0.2061767578125 0.08202123764188941 0.017822265625
0 0.8679970706700842 0.3839111328125 0.06261442694983523 0.017822265625
0 0.7112779201757597 0.3836669921875 0.061882094470889784 0.018310546875
0 0.5331380446722812 0.3834228515625 0.06005126327352618 0.017333984375
0 0.3610399121201025 0.3836669921875 0.08202123764188941 0.017822265625
0 0.09630172098132553 0.3101806640625 0.061515928231417064 0.016357421875
0 0.09904796777737093 0.33349609375 0.05968509703405346 0.01611328125
0 0.09794946905895277 0.4652099609375 0.06114976199194434 0.015869140625
0 0.09978030025631637 0.4896240234375 0.06114976199194434 0.015869140625
0 0.3528011717319663 0.5599365234375 0.061882094470889784 0.017822265625
0 0.522885389967045 0.559814453125 0.06298059318930795 0.01806640625
0 0.7081655071402416 0.5599365234375 0.062248260710362505 0.017822265625
0 0.8679970706700842 0.5594482421875 0.06261442694983523 0.018310546875
0 0.8815452215305749 0.7518310546875 0.08238740388136213 0.017822265625
0 0.717502746246796 0.7518310546875 0.08311973636030758 0.018310546875
0 0.5302087147564994 0.751953125 0.06298059318930795 0.01806640625
0 0.35243500549249357 0.7520751953125 0.06261442694983523 0.017822265625
0 0.09666788722079825 0.6253662109375 0.06005126327352618 0.015380859375
0 0.09959721713658001 0.6494140625 0.061515928231417064 0.01708984375
0 0.2629073599414134 0.954833984375 0.061515928231417064 0.017578125
0 0.39326254119370196 0.9432373046875 0.06298059318930795 0.017822265625
0 0.5303917978762358 0.9432373046875 0.06114976199194434 0.018798828125
0 0.6891248626876602 0.9434814453125 0.062248260710362505 0.017822265625
0 0.8705602343463933 0.94384765625 0.06114976199194434 0.01806640625