1 0.10728670816550714 0.3076171875 0.06810692054192603 0.03369140625
1 0.2932991578176492 0.3067626953125 0.0710362504577078 0.034423828125
1 0.5034785792749908 0.3079833984375 0.12742585133650677 0.032470703125
1 0.6699011351153423 0.3065185546875 0.09337239106554375 0.035888671875
1 0.8670816550714024 0.3072509765625 0.12156719150494324 0.031982421875
1 0.8632369095569389 0.4925537109375 0.09190772610765287 0.024169921875
1 0.670267301354815 0.4930419921875 0.1263273526180886 0.025634765625
1 0.49231050897107287 0.4591064453125 0.09337239106554375 0.025634765625
1 0.32570487001098497 0.454833984375 0.13291834492859758 0.03466796875
1 0.14005858659831563 0.457763671875 0.14170633467594287 0.03271484375
1 0.12065177590626144 0.660888671875 0.13584767484437935 0.02392578125
1 0.2541193701940681 0.625732421875 0.1010618820944709 0.0341796875
1 0.4157817649212743 0.6256103515625 0.08971072867081654 0.034912109375
1 0.5677407543024533 0.6300048828125 0.08751373123398022 0.025146484375
1 0.7215305748809959 0.61767578125 0.10582204320761626 0.03271484375
1 0.8883192969608202 0.6312255859375 0.1083852068839253 0.024658203125
1 0.8731233980227023 0.9248046875 0.1365800073233248 0.03955078125
1 0.7008421823507872 0.927490234375 0.12010252654705236 0.033203125
1 0.5430245331380447 0.89794921875 0.08128890516294397 0.02490234375
1 0.40900768949102895 0.9283447265625 0.11204686927865251 0.031005859375
1 0.25942878066642255 0.931640625 0.09556938850238009 0.02587890625
1 0.1001464664957891 0.894287109375 0.09923105089710729 0.0341796875
0 0.8650677407543025 0.9539794921875 0.08165507140241669 0.017333984375
0 0.6907726107652874 0.9541015625 0.061882094470889784 0.01806640625
0 0.5527279384840718 0.9486083984375 0.0604174295129989 0.017822265625
0 0.5474185280117173 0.921142578125 0.0585865983156353 0.01708984375
0 0.41212010252654707 0.9539794921875 0.08019040644452581 0.017822265625
0 0.26034419626510436 0.9542236328125 0.062248260710362505 0.017822265625
0 0.095020139143171 0.9215087890625 0.05895276455510802 0.017333984375
0 0.09996338337605273 0.9478759765625 0.06078359575247162 0.017333984375
0 0.11204686927865251 0.6846923828125 0.08202123764188941 0.018798828125
0 0.2678506041742951 0.6534423828125 0.09044306114976199 0.016845703125
0 0.2674844379348224 0.6817626953125 0.08604906627608934 0.014892578125
0 0.43390699377517394 0.6533203125 0.05785426583668986 0.0166015625
0 0.434456243134383 0.6806640625 0.05968509703405346 0.01708984375
0 0.5869644818747711 0.680908203125 0.06298059318930795 0.01806640625
0 0.5875137312339802 0.6534423828125 0.05748809959721714 0.016845703125
0 0.737824972537532 0.644287109375 0.08568290003661662 0.0185546875
0 0.7436836323690955 0.6884765625 0.08641523251556206 0.0185546875
0 0.8976565360673746 0.65283203125 0.07506407909190772 0.01611328125
0 0.8976565360673746 0.6807861328125 0.061882094470889784 0.017333984375
0 0.8762358110582205 0.515625 0.08202123764188941 0.01806640625
0 0.6653240571219333 0.515625 0.08202123764188941 0.01806640625
0 0.4957890882460637 0.5096435546875 0.06005126327352618 0.017333984375
0 0.4906627608934456 0.482177734375 0.05712193335774442 0.01611328125
0 0.30465031124130354 0.482666015625 0.05931893079458074 0.0166015625
0 0.309959721713658 0.5096435546875 0.0604174295129989 0.017333984375
0 0.12431343830098865 0.4825439453125 0.07579641157085316 0.016357421875
0 0.12943976565360674 0.509765625 0.07726107652874405 0.017578125
0 0.11753936287074332 0.334228515625 0.0585865983156353 0.01708984375
0 0.12229952398388869 0.361572265625 0.061515928231417064 0.01806640625
0 0.31050897107286707 0.33447265625 0.07689491028927133 0.0166015625
0 0.3160014646649579 0.3614501953125 0.07835957524716221 0.018310546875
0 0.4851702673013548 0.334716796875 0.06005126327352618 0.01708984375
0 0.49047967777370927 0.36181640625 0.061882094470889784 0.01708984375
0 0.6680703039179787 0.334716796875 0.05822043207616258 0.0166015625
0 0.6728304650311241 0.361328125 0.0604174295129989 0.017578125
0 0.8524350054924936 0.3345947265625 0.05931893079458074 0.017333984375
0 0.8568290003661663 0.3616943359375 0.061515928231417064 0.017822265625