1 0.09190772610765287 0.163330078125 0.11644086415232516 0.0263671875
1 0.22848773343097767 0.1739501953125 0.11131453679970707 0.023193359375
1 0.368912486268766 0.1671142578125 0.1190040278286342 0.032470703125
1 0.526913218601245 0.169677734375 0.1135115342365434 0.033203125
1 0.6609300622482607 0.1689453125 0.11131453679970707 0.03173828125
1 0.6612962284877334 0.3807373046875 0.10618820944708898 0.024169921875
1 0.5243500549249359 0.324951171875 0.12449652142072501 0.033203125
1 0.3861222995239839 0.325439453125 0.12998901501281582 0.03271484375
1 0.23599414134016844 0.3736572265625 0.11387770047601611 0.031494140625
1 0.07762724276821677 0.371337890625 0.08128890516294397 0.041015625
1 0.08952764555108018 0.562255859375 0.11387770047601611 0.03515625
1 0.2380080556572684 0.5595703125 0.13621384108385207 0.04052734375
1 0.386671548883193 0.5684814453125 0.13181984621017942 0.025146484375
1 0.5166605638960088 0.56884765625 0.08421823507872574 0.0234375
1 0.6532405712193335 0.5640869140625 0.12815818381545221 0.032958984375
1 0.7925668253387038 0.2882080078125 0.11021603808128891 0.025634765625
1 0.7881728304650312 0.44384765625 0.10508971072867082 0.03271484375
1 0.7834126693518858 0.5955810546875 0.09337239106554375 0.033447265625
1 0.07982424020505309 0.7607421875 0.0908092273892347 0.0234375
1 0.23141706334675943 0.75341796875 0.12376418894177957 0.03466796875
1 0.36909556938850235 0.7547607421875 0.11424386671548883 0.033447265625
1 0.5051263273526181 0.759033203125 0.10582204320761626 0.02490234375
1 0.661113145367997 0.7591552734375 0.13072134749176126 0.025146484375
0 0.6444525814719883 0.783447265625 0.062248260710362505 0.017578125
0 0.5128158183815452 0.7835693359375 0.08092273892347125 0.018310546875
0 0.36122299523983886 0.783203125 0.061882094470889784 0.01806640625
0 0.21860124496521421 0.783447265625 0.062248260710362505 0.01806640625
0 0.09392164042475284 0.78369140625 0.08019040644452581 0.01806640625
0 0.0908092273892347 0.591064453125 0.08202123764188941 0.0185546875
0 0.2297693152691322 0.591064453125 0.08165507140241669 0.0185546875
0 0.37001098498718415 0.5909423828125 0.06261442694983523 0.017822265625
0 0.5238008055657268 0.59130859375 0.06334675942878067 0.01806640625
0 0.6396924203588429 0.5909423828125 0.061515928231417064 0.017822265625
0 0.7934822409373856 0.6226806640625 0.05931893079458074 0.016357421875
0 0.7964115708531674 0.6463623046875 0.05931893079458074 0.016845703125
0 0.7920175759794947 0.4713134765625 0.06005126327352618 0.016357421875
0 0.7947638227755401 0.4954833984375 0.05968509703405346 0.017333984375
0 0.5298425485170267 0.352783203125 0.08641523251556206 0.0185546875
0 0.5263639692420359 0.3988037109375 0.06627608934456243 0.019287109375
0 0.6678872207982424 0.4027099609375 0.08128890516294397 0.018310546875
0 0.39710728670816553 0.39892578125 0.08458440131819846 0.0185546875
0 0.39015012815818384 0.352783203125 0.08824606371292566 0.01904296875
0 0.2283046503112413 0.40283203125 0.06261442694983523 0.0185546875
0 0.09575247162211645 0.40283203125 0.08165507140241669 0.0185546875
0 0.09245697546686195 0.1956787109375 0.08311973636030758 0.018798828125
0 0.2325155620651776 0.1956787109375 0.08275357012083485 0.018798828125
0 0.36726473819113875 0.196044921875 0.08128890516294397 0.017578125
0 0.5313072134749176 0.1954345703125 0.07982424020505309 0.017333984375
0 0.6647748077627242 0.1954345703125 0.08019040644452581 0.018310546875
0 0.8016001464664958 0.3123974609375 0.07689491028927133 0.01607177734375
0 0.8046503112413036 0.335693359375 0.07689491028927133 0.015869140625