1 0.10987712665406427 0.26882482671707625 0.11531190926275993 0.02473219911783239
1 0.315335538752363 0.2691398865784499 0.11649338374291116 0.02473219911783239
1 0.5114603024574669 0.2689823566477631 0.10184310018903592 0.02504725897920605
1 0.6949432892249527 0.2696912413358538 0.11389413988657845 0.023314429741650915
1 0.8871691871455577 0.26520163831127913 0.13492438563327033 0.03103339634530561
0 0.8783081285444234 0.29198172652804033 0.07939508506616257 0.017485822306238186
0 0.6980151228733459 0.29206049149338376 0.07986767485822306 0.017958412098298678
0 0.5096880907372401 0.2919029615626969 0.0609640831758034 0.017328292375551356
0 0.3065926275992439 0.29174543163201005 0.060727788279773154 0.017328292375551356
0 0.10148865784499055 0.29221802142407055 0.060255198487712665 0.017958412098298678
0 0.10030718336483932 0.5054347826086957 0.06120037807183365 0.017485822306238186
0 0.3061200378071834 0.5053560176433523 0.060727788279773154 0.017328292375551356
0 0.5087429111531191 0.5057498424700693 0.062381852551984876 0.017170762444864523
0 0.6876181474480151 0.505671077504726 0.0609640831758034 0.017958412098298678
0 0.869328922495274 0.5055135475740391 0.06332703213610585 0.017643352236925015
1 0.8653119092627599 0.48322306238185253 0.09168241965973535 0.022841839949590423
1 0.6947069943289225 0.486531190926276 0.11342155009451796 0.016855702583490863
1 0.5072069943289225 0.48306553245116574 0.09475425330812855 0.0222117202268431
1 0.31639886578449905 0.4829080025204789 0.11909262759924386 0.02473219911783239
1 0.10928638941398866 0.47810333963453056 0.11602079395085066 0.03339634530560807
1 0.10952268431001891 0.7027410207939508 0.11554820415879018 0.024574669187145556
1 0.32774102079395084 0.702583490863264 0.14177693761814744 0.02488972904851922
1 0.503898865784499 0.7024259609325771 0.08672022684310018 0.023314429741650915
1 0.689390359168242 0.7025047258979206 0.10184310018903592 0.023471959672337745
1 0.8779536862003781 0.702189666036547 0.11743856332703213 0.024102079395085067
0 0.888468809073724 0.7250315059861374 0.0997164461247637 0.017170762444864523
0 0.6975425330812854 0.7251102709514807 0.08081285444234404 0.017328292375551356
0 0.5087429111531191 0.7247164461247637 0.06190926275992439 0.017800882167611845
0 0.315335538752363 0.7250315059861374 0.08152173913043478 0.017485822306238186
0 0.11058601134215501 0.724952741020794 0.08081285444234404 0.017643352236925015
0 0.2611058601134216 0.9677063642091998 0.08223062381852551 0.017643352236925015
0 0.48688563327032136 0.93911468178954 0.09806238185255199 0.017170762444864523
0 0.6357514177693762 0.9396660365469439 0.08152173913043478 0.017958412098298678
0 0.7704395085066162 0.9387208569628229 0.07963137996219281 0.016698172652804034
0 0.912452741020794 0.9391934467548835 0.07868620037807184 0.017643352236925015
1 0.8901228733459358 0.9169817265280403 0.07277882797731569 0.023314429741650915
1 0.7501181474480151 0.9169029615626969 0.07821361058601134 0.023787019533711404
1 0.4782608695652174 0.91674543163201 0.1224007561436673 0.023156899810964082
1 0.6141304347826086 0.916351606805293 0.07325141776937619 0.023314429741650915
1 0.24302930056710775 0.9452583490863264 0.08388468809073724 0.023471959672337745