0 0.332220986281053 0.2115478515625 0.06377456433073786 0.019287109375
0 0.5198368557656655 0.211669921875 0.06525769373377827 0.01904296875
0 0.692621431219874 0.2113037109375 0.06525769373377827 0.018798828125
0 0.8769002595476455 0.2113037109375 0.06451612903225806 0.019287109375
0 0.8807934742306266 0.3868408203125 0.06340378197997776 0.018310546875
0 0.7007786429365962 0.3868408203125 0.06303299962921764 0.018310546875
0 0.5114942528735632 0.3865966796875 0.06488691138301816 0.018798828125
0 0.3318502039302929 0.38671875 0.06303299962921764 0.017578125
0 0.3333333333333333 0.5699462890625 0.06377456433073786 0.018310546875
0 0.5218761586948462 0.5699462890625 0.06340378197997776 0.017822265625
0 0.6935483870967742 0.5699462890625 0.06414534668149796 0.018310546875
0 0.8915461624026696 0.5701904296875 0.06488691138301816 0.018798828125
0 0.9117538005190953 0.752685546875 0.08527994067482388 0.01806640625
0 0.7449017426770486 0.7529296875 0.08231368186874305 0.0185546875
0 0.5977011494252874 0.7528076171875 0.06377456433073786 0.017822265625
0 0.47052280311457173 0.753173828125 0.08453837597330367 0.0185546875
0 0.3338895068594735 0.7530517578125 0.06488691138301816 0.018310546875
0 0.8806080830552465 0.9466552734375 0.06451612903225806 0.018798828125
0 0.7334074898034854 0.9462890625 0.06525769373377827 0.01904296875
0 0.5836114200964034 0.9468994140625 0.06525769373377827 0.018310546875
0 0.42361883574341863 0.9466552734375 0.06562847608453838 0.018310546875
0 0.26195773081201335 0.964111328125 0.06637004078605858 0.01904296875
0 0.0925101965146459 0.651123046875 0.06266221727845754 0.0166015625
0 0.08972932888394512 0.6263427734375 0.06229143492769744 0.016357421875
0 0.09047089358546533 0.462158203125 0.06303299962921764 0.01708984375
0 0.092880978865406 0.4854736328125 0.06192065257693734 0.016845703125
0 0.09102706711160549 0.3018798828125 0.06117908787541713 0.016357421875
0 0.09232480533926585 0.3255615234375 0.06303299962921764 0.016357421875
1 0.3472376714868372 0.18798828125 0.13385242862439747 0.02392578125
1 0.5305895439377085 0.1883544921875 0.12309974045235447 0.025634765625
1 0.7220986281053022 0.1859130859375 0.16129032258064516 0.026123046875
1 0.896551724137931 0.1873779296875 0.14238042269187987 0.024658203125
1 0.8896922506488691 0.36279296875 0.12050426399703375 0.025390625
1 0.7109751575824991 0.36328125 0.12643678160919541 0.0244140625
1 0.514089729328884 0.364013671875 0.10789766407119021 0.02392578125
1 0.3418613274008157 0.3590087890625 0.12458286985539488 0.032958984375
1 0.07489803485354098 0.2735595703125 0.08379681127178347 0.034912109375
1 0.07842046718576196 0.4334716796875 0.09306637004078606 0.033447265625
1 0.3470522803114572 0.5380859375 0.13422321097515758 0.0419921875
1 0.507415647015202 0.5469970703125 0.07601038190582128 0.025146484375
1 0.7139414163885799 0.5419921875 0.14200964034111976 0.0341796875
1 0.89284390063033 0.546875 0.10530218761586949 0.0263671875
1 0.9026696329254728 0.7298583984375 0.10270671116054876 0.025146484375
1 0.7563959955506118 0.720458984375 0.14831294030404152 0.04150390625
1 0.6025213199851687 0.7296142578125 0.11049314052651094 0.024658203125
1 0.4636633296255098 0.72998046875 0.10789766407119021 0.0244140625
1 0.325176121616611 0.729248046875 0.08527994067482388 0.0244140625
1 0.08453837597330367 0.598388671875 0.10604375231738969 0.0341796875
1 0.25528364849833146 0.9404296875 0.08935854653318502 0.02490234375
1 0.44086021505376344 0.9237060546875 0.135706340378198 0.023681640625
1 0.596588802373007 0.922607421875 0.12829069336299592 0.02587890625
1 0.7417500926955877 0.918212890625 0.11827956989247312 0.033203125
1 0.8889506859473489 0.922607421875 0.11902113459399333 0.025390625