1 0.11544117647058824 0.14412524209167205 0.12352941176470589 0.02485474499677211
1 0.30049019607843136 0.14388315041962557 0.13578431372549019 0.023724983860555198
1 0.4666666666666667 0.14146223369916075 0.12058823529411765 0.0275984506132989
1 0.6542892156862745 0.1418657198192382 0.13112745098039216 0.02356358941252421
0 0.6512254901960784 0.16744673983214978 0.08235294117647059 0.018237572627501614
0 0.45759803921568626 0.16736604260813429 0.06372549019607843 0.017753389283408652
0 0.2829656862745098 0.16736604260813429 0.06397058823529411 0.018398967075532603
0 0.12573529411764706 0.16736604260813429 0.10294117647058823 0.018398967075532603
0 0.10441176470588236 0.32157843770174305 0.06323529411764706 0.018237572627501614
0 0.28259803921568627 0.32149774047772756 0.08284313725490196 0.018076178179470628
0 0.6470588235294118 0.32149774047772756 0.08333333333333333 0.017753389283408652
0 0.46458333333333335 0.3213363460296966 0.0840686274509804 0.017753389283408652
1 0.6484068627450981 0.30124273724983863 0.1232843137254902 0.017591994835377663
1 0.46924019607843137 0.3010006455777921 0.13112745098039216 0.0171078114912847
1 0.29375 0.2973692704970949 0.1448529411764706 0.0250161394448031
1 0.11887254901960784 0.2977727566171724 0.13088235294117648 0.023886378308586184
1 0.2881127450980392 0.4522272433828276 0.11495098039215686 0.019367333763718526
1 0.12352941176470589 0.45343770174306003 0.14019607843137255 0.01694641704325371
1 0.6448529411764706 0.44714331826985154 0.12009803921568628 0.023724983860555198
1 0.45612745098039215 0.45174306003873466 0.09950980392156862 0.018398967075532603
0 0.6463235294117647 0.4722401549386701 0.08431372549019608 0.018076178179470628
0 0.45698529411764705 0.4722401549386701 0.06593137254901961 0.018398967075532603
0 0.2928921568627451 0.4722401549386701 0.08235294117647059 0.018076178179470628
0 0.11470588235294117 0.4722401549386701 0.08431372549019608 0.018076178179470628
0 0.10465686274509804 0.6310522918011621 0.062254901960784315 0.018076178179470628
0 0.27328431372549017 0.6308908973531311 0.06519607843137255 0.01872175597159458
0 0.6422794117647059 0.6309715945771466 0.06397058823529411 0.018237572627501614
0 0.4610294117647059 0.6306488056810846 0.0642156862745098 0.01856036152356359
1 0.640686274509804 0.6079728857327308 0.09754901960784314 0.022918011620400257
1 0.4861519607843137 0.6036959328599096 0.1536764705882353 0.03211749515816656
1 0.2840686274509804 0.6074080051646223 0.12401960784313726 0.0250161394448031
1 0.11041666666666666 0.6030503550677857 0.11691176470588235 0.03244028405422853
1 0.12279411764705882 0.7671078114912847 0.15294117647058825 0.02420916720464816
1 0.28112745098039216 0.7661394448030988 0.09166666666666666 0.026791478373143964
1 0.6424019607843138 0.7676726920593931 0.09215686274509804 0.02437056165267915
1 0.47524509803921566 0.7683989670755326 0.12401960784313726 0.024531956100710135
0 0.6475490196078432 0.7926081342801807 0.06372549019607843 0.018398967075532603
0 0.46433823529411766 0.7926081342801807 0.06495098039215687 0.018398967075532603
0 0.28566176470588234 0.7926081342801807 0.0644607843137255 0.018076178179470628
0 0.0974264705882353 0.7925274370561652 0.06495098039215687 0.01856036152356359
1 0.10723039215686274 0.9211588121368625 0.10514705882352941 0.03147191736604261
1 0.27389705882352944 0.9253550677856682 0.1125 0.023079406068431247
1 0.43995098039215685 0.9283408650742414 0.12745098039215685 0.017753389283408652
1 0.602328431372549 0.9248708844415752 0.11544117647058824 0.026630083925112975
1 0.7493872549019608 0.9438347320852163 0.1178921568627451 0.025177533892834086
0 0.7422794117647059 0.9667527437056165 0.06299019607843137 0.018398967075532603
0 0.5939950980392157 0.9485958683021304 0.0644607843137255 0.01856036152356359
0 0.427328431372549 0.9487572627501614 0.0644607843137255 0.017914783731439638
0 0.2792892156862745 0.9485958683021304 0.0821078431372549 0.017914783731439638
0 0.10502450980392157 0.9488379599741769 0.06397058823529411 0.018076178179470628