1 0.1001464664957891 0.31640625 0.09923105089710729 0.0341796875
1 0.3445624313438301 0.3165283203125 0.09007689491028927 0.033447265625
1 0.48315635298425486 0.3160400390625 0.09556938850238009 0.032470703125
1 0.7233614060783595 0.30712890625 0.15781764921274258 0.0234375
1 0.8936287074331747 0.352783203125 0.14683266202856096 0.02978515625
1 0.9007689491028927 0.49267578125 0.1259611863786159 0.0234375
1 0.6580007323324789 0.4541015625 0.10325887953130722 0.03466796875
1 0.4778469425119004 0.45068359375 0.08641523251556206 0.041015625
1 0.2310508971072867 0.447021484375 0.10325887953130722 0.04638671875
1 0.1056389600878799 0.4586181640625 0.11461003295496155 0.024169921875
1 0.12010252654705236 0.6695556640625 0.13181984621017942 0.034912109375
1 0.2711461003295496 0.634765625 0.1226656902233614 0.02490234375
1 0.39381179055291105 0.61474609375 0.05748809959721714 0.05029296875
1 0.5831197363603076 0.6507568359375 0.1351153423654339 0.039794921875
1 0.6988282680336872 0.629150390625 0.06481142438667155 0.03515625
1 0.8917978762358111 0.6400146484375 0.12120102526547052 0.031005859375
1 0.893262541193702 0.8875732421875 0.13218601244965214 0.025146484375
1 0.7391065543756865 0.91748046875 0.12046869278652508 0.033203125
1 0.5679238374221897 0.921630859375 0.09593555474185281 0.0244140625
1 0.434456243134383 0.9161376953125 0.11387770047601611 0.032470703125
1 0.2793848407176858 0.91943359375 0.13108751373123398 0.02587890625
1 0.11552544855364336 0.9205322265625 0.12486268766019773 0.025146484375
0 0.10124496521420726 0.9443359375 0.06261442694983523 0.01953125
0 0.26455510801904064 0.9442138671875 0.0604174295129989 0.017822265625
0 0.4264005858659832 0.9442138671875 0.061882094470889784 0.018310546875
0 0.5690223361406078 0.944580078125 0.062248260710362505 0.0185546875
0 0.7281215671915049 0.944091796875 0.061882094470889784 0.01806640625
0 0.8813621384108385 0.9112548828125 0.074697912852435 0.016845703125
0 0.8863053826437203 0.9383544921875 0.07726107652874405 0.017333984375
0 0.8941779567923838 0.6651611328125 0.05931893079458074 0.016845703125
0 0.8949102892713292 0.6923828125 0.062248260710362505 0.01806640625
0 0.7295862321493958 0.6849365234375 0.061882094470889784 0.017822265625
0 0.7290369827901867 0.657470703125 0.0585865983156353 0.01708984375
0 0.5756133284511168 0.6812744140625 0.07982424020505309 0.018310546875
0 0.4309776638593922 0.6513671875 0.0908092273892347 0.01708984375
0 0.4282314170633468 0.67919921875 0.08824606371292566 0.01611328125
0 0.27279384840717685 0.657470703125 0.06005126327352618 0.01708984375
0 0.2731600146466496 0.68505859375 0.061515928231417064 0.0185546875
0 0.1135115342365434 0.6983642578125 0.08275357012083485 0.018310546875
0 0.09392164042475284 0.4822998046875 0.056023434639326256 0.017333984375
0 0.09941413401684365 0.5089111328125 0.05895276455510802 0.018310546875
0 0.23050164774807763 0.5093994140625 0.06407909190772611 0.018310546875
0 0.23416331014280484 0.48193359375 0.07579641157085316 0.01611328125
0 0.4802270230684731 0.48193359375 0.0604174295129989 0.0166015625
0 0.660563896008788 0.4818115234375 0.07396558037348956 0.016357421875
0 0.6660563896008788 0.5086669921875 0.07689491028927133 0.016845703125
0 0.4844379348224094 0.5093994140625 0.06078359575247162 0.017822265625
0 0.8863053826437203 0.5150146484375 0.06334675942878067 0.018310546875
0 0.8797143903332113 0.3770751953125 0.08238740388136213 0.017822265625
0 0.720065909923105 0.3817138671875 0.08604906627608934 0.019287109375
0 0.7140241669718052 0.3323974609375 0.08568290003661662 0.019287109375
0 0.4793116074697913 0.343994140625 0.05931893079458074 0.01708984375
0 0.4848041010618821 0.370849609375 0.06078359575247162 0.01708984375
0 0.34932259245697544 0.37158203125 0.062248260710362505 0.017578125
0 0.34566093006224824 0.3441162109375 0.05785426583668986 0.017333984375
0 0.09483705602343465 0.3443603515625 0.0585865983156353 0.017822265625
0 0.09996338337605273 0.37109375 0.06005126327352618 0.017578125