1 0.33906993775173927 0.19921875 0.10545587696814354 0.0205078125
1 0.5287440497986086 0.1981201171875 0.13108751373123398 0.025634765625
1 0.6977297693152691 0.197509765625 0.10948370560234347 0.0244140625
1 0.875503478579275 0.1998291015625 0.1047235444891981 0.020263671875
1 0.8883192969608202 0.3758544921875 0.13035518125228854 0.026123046875
1 0.6904064445258147 0.3768310546875 0.09190772610765287 0.023681640625
1 0.5291102160380813 0.376708984375 0.13255217868912486 0.025390625
1 0.07671182716953497 0.2847900390625 0.07945807396558037 0.032958984375
1 0.35353350421091173 0.3720703125 0.1387770047601611 0.033203125
1 0.07945807396558037 0.43798828125 0.08641523251556206 0.033203125
1 0.07158549981691688 0.601318359375 0.07067008421823508 0.0419921875
1 0.3075796411570853 0.935791015625 0.08495056755767118 0.0322265625
1 0.36506774075430243 0.586669921875 0.16111314536799706 0.0234375
1 0.5421091175393629 0.5865478515625 0.15708531673379714 0.022705078125
1 0.7034053460270963 0.586669921875 0.1047235444891981 0.0224609375
1 0.8939948736726474 0.581787109375 0.14536799707067008 0.03173828125
1 0.8733064811424387 0.7576904296875 0.10179421457341634 0.025634765625
1 0.7143903332112779 0.7528076171875 0.1420725009154156 0.035888671875
1 0.5236177224459905 0.758056640625 0.12010252654705236 0.0244140625
1 0.36122299523983886 0.7578125 0.15781764921274258 0.0244140625
1 0.5358842914683266 0.9193115234375 0.1314536799707067 0.024169921875
1 0.7070670084218235 0.9189453125 0.11497619919443428 0.02392578125
1 0.8808128890516295 0.91943359375 0.11753936287074332 0.0244140625
0 0.3361406078359575 0.222412109375 0.062248260710362505 0.0185546875
0 0.5133650677407543 0.221923828125 0.06005126327352618 0.017578125
0 0.8725741486634933 0.2220458984375 0.06078359575247162 0.018310546875
0 0.6920541926034419 0.2218017578125 0.062248260710362505 0.018798828125
0 0.8817283046503113 0.40087890625 0.08275357012083485 0.01806640625
0 0.6931526913218601 0.401123046875 0.062248260710362505 0.0185546875
0 0.5241669718051996 0.4007568359375 0.08019040644452581 0.017822265625
0 0.3434639326254119 0.40087890625 0.07982424020505309 0.01806640625
0 0.1010618820944709 0.3121337890625 0.07762724276821677 0.015869140625
0 0.09483705602343465 0.33544921875 0.061515928231417064 0.01708984375
0 0.09264005858659831 0.4652099609375 0.06078359575247162 0.015380859375
0 0.09447088978396193 0.488525390625 0.06078359575247162 0.0166015625
0 0.09227389234712559 0.6328125 0.061515928231417064 0.01611328125
0 0.09520322226290737 0.6563720703125 0.06078359575247162 0.016845703125
0 0.3242402050530941 0.9638671875 0.08238740388136213 0.01904296875
0 0.344013181984621 0.6103515625 0.08311973636030758 0.01806640625
0 0.5227023068473087 0.610107421875 0.08238740388136213 0.0185546875
0 0.710362504577078 0.610107421875 0.08202123764188941 0.01806640625
0 0.8711094837056024 0.610107421875 0.062248260710362505 0.01806640625
0 0.8804467228121567 0.7822265625 0.08165507140241669 0.01806640625
0 0.7015745148297327 0.7818603515625 0.08202123764188941 0.018310546875
0 0.5133650677407543 0.7822265625 0.06005126327352618 0.01806640625
0 0.34291468326620284 0.781982421875 0.08238740388136213 0.0185546875
0 0.5206883925302087 0.943603515625 0.061515928231417064 0.01904296875
0 0.7096301720981325 0.9432373046875 0.07982424020505309 0.018310546875
0 0.8712925668253387 0.943603515625 0.06114976199194434 0.0185546875