1 0.052734375 0.28173828125 0.09375 0.04296875
1 0.255859375 0.2578125 0.068359375 0.0302734375
1 0.4453125 0.244140625 0.078125 0.0302734375
1 0.642578125 0.22705078125 0.0693359375 0.03125
1 0.8251953125 0.20947265625 0.0888671875 0.03125
1 0.84423828125 0.375 0.0791015625 0.03125
1 0.64892578125 0.39208984375 0.0830078125 0.0322265625
1 0.46142578125 0.42041015625 0.0791015625 0.0322265625
1 0.26708984375 0.43310546875 0.078125 0.03125
1 0.072265625 0.44970703125 0.08203125 0.029296875
1 0.08642578125 0.615234375 0.0830078125 0.0302734375
1 0.27978515625 0.5966796875 0.0849609375 0.04296875
1 0.474609375 0.578125 0.0751953125 0.0322265625
1 0.66259765625 0.56494140625 0.08203125 0.03125
1 0.10009765625 0.77880859375 0.0830078125 0.03125
1 0.3017578125 0.76416015625 0.0634765625 0.03125
1 0.49365234375 0.7470703125 0.0625 0.0322265625
1 0.861328125 0.54443359375 0.0703125 0.0302734375
1 0.67578125 0.73095703125 0.0869140625 0.0322265625
1 0.94921875 0.6376953125 0.06640625 0.0732421875
0 0.14306640625 0.27392578125 0.0849609375 0.0390625
0 0.33837890625 0.25634765625 0.0673828125 0.0390625
0 0.52734375 0.240234375 0.0830078125 0.041015625
0 0.15771484375 0.44091796875 0.0849609375 0.041015625
0 0.35009765625 0.423828125 0.0859375 0.041015625
0 0.5439453125 0.40673828125 0.0703125 0.0390625
0 0.734375 0.3896484375 0.0673828125 0.0419921875
0 0.72265625 0.22216796875 0.0673828125 0.0390625
0 0.9150390625 0.205078125 0.0654296875 0.0390625
0 0.9306640625 0.37255859375 0.0673828125 0.0400390625
0 0.9453125 0.53857421875 0.0693359375 0.0400390625
0 0.75244140625 0.5546875 0.0673828125 0.0400390625
0 0.76708984375 0.72265625 0.0673828125 0.0400390625
0 0.94482421875 0.70703125 0.1083984375 0.0439453125
0 0.5625 0.57275390625 0.0712890625 0.0400390625
0 0.572265625 0.7392578125 0.0859375 0.041015625
0 0.38134765625 0.755859375 0.0712890625 0.0390625
0 0.3662109375 0.58935546875 0.0751953125 0.0390625
0 0.17578125 0.6064453125 0.0712890625 0.0400390625
0 0.1904296875 0.77294921875 0.06640625 0.0400390625