1 0.89599609375 0.216796875 0.064453125 0.0419921875
1 0.70751953125 0.22802734375 0.0771484375 0.033203125
1 0.51904296875 0.2421875 0.08203125 0.0400390625
1 0.9140625 0.38232421875 0.0791015625 0.041015625
1 0.71826171875 0.39599609375 0.0771484375 0.0400390625
1 0.52685546875 0.4091796875 0.080078125 0.041015625
1 0.3291015625 0.25537109375 0.0927734375 0.041015625
1 0.13720703125 0.26953125 0.0947265625 0.037109375
1 0.33154296875 0.4248046875 0.0732421875 0.0400390625
1 0.14599609375 0.435546875 0.08984375 0.0419921875
1 0.919921875 0.5439453125 0.072265625 0.0283203125
1 0.73193359375 0.55712890625 0.0791015625 0.0322265625
1 0.935546875 0.71630859375 0.078125 0.0419921875
1 0.748046875 0.72802734375 0.0869140625 0.041015625
1 0.54833984375 0.57763671875 0.1025390625 0.0400390625
1 0.5703125 0.74169921875 0.080078125 0.0390625
1 0.34375 0.5908203125 0.072265625 0.0390625
1 0.39013671875 0.7470703125 0.04296875 0.0576171875
1 0.15625 0.59814453125 0.0859375 0.0302734375
1 0.1884765625 0.76806640625 0.08203125 0.041015625
0 0.8154296875 0.22021484375 0.0712890625 0.037109375
0 0.61865234375 0.23388671875 0.0673828125 0.0390625
0 0.43017578125 0.24609375 0.0712890625 0.0390625
0 0.82666015625 0.38720703125 0.0732421875 0.041015625
0 0.6318359375 0.39990234375 0.06640625 0.0390625
0 0.43603515625 0.4140625 0.064453125 0.0380859375
0 0.23974609375 0.2607421875 0.0849609375 0.0390625
0 0.04052734375 0.27392578125 0.06640625 0.0380859375
0 0.24755859375 0.4267578125 0.068359375 0.037109375
0 0.05029296875 0.44140625 0.06640625 0.0380859375
0 0.064453125 0.60791015625 0.0703125 0.037109375
0 0.26123046875 0.5927734375 0.072265625 0.037109375
0 0.45458984375 0.57958984375 0.0849609375 0.0390625
0 0.64453125 0.56689453125 0.076171875 0.037109375
0 0.8349609375 0.55224609375 0.0693359375 0.0390625
0 0.85205078125 0.7197265625 0.0859375 0.037109375
0 0.65966796875 0.73291015625 0.083984375 0.041015625
0 0.4765625 0.74560546875 0.1044921875 0.0419921875
0 0.29931640625 0.75830078125 0.1396484375 0.041015625
0 0.09130859375 0.77197265625 0.1064453125 0.0400390625