1 0.931640625 0.47119140625 0.099609375 0.041015625
1 0.73681640625 0.46142578125 0.091796875 0.0390625
1 0.54638671875 0.4521484375 0.099609375 0.041015625
1 0.91796875 0.63330078125 0.083984375 0.0322265625
1 0.7314453125 0.626953125 0.0986328125 0.0419921875
1 0.53173828125 0.615234375 0.0830078125 0.0322265625
1 0.34619140625 0.44140625 0.0810546875 0.029296875
1 0.1572265625 0.42724609375 0.087890625 0.0283203125
1 0.33740234375 0.61181640625 0.0810546875 0.0283203125
1 0.1337890625 0.6025390625 0.0615234375 0.0283203125
1 0.13330078125 0.7626953125 0.080078125 0.029296875
1 0.33447265625 0.77392578125 0.095703125 0.041015625
1 0.90966796875 0.8046875 0.0869140625 0.0302734375
1 0.71337890625 0.7958984375 0.080078125 0.0380859375
1 0.53125 0.783203125 0.0966796875 0.0302734375
1 0.89453125 0.9677734375 0.07421875 0.0390625
1 0.69970703125 0.95703125 0.0712890625 0.029296875
1 0.51318359375 0.94921875 0.0830078125 0.029296875
1 0.13134765625 0.9287109375 0.09375 0.0302734375
1 0.32763671875 0.93798828125 0.1015625 0.0478515625
0 0.83837890625 0.46435546875 0.083984375 0.0380859375
0 0.6455078125 0.4541015625 0.0869140625 0.0390625
0 0.45263671875 0.4443359375 0.083984375 0.037109375
0 0.82861328125 0.6318359375 0.06640625 0.0380859375
0 0.63671875 0.62109375 0.083984375 0.0390625
0 0.443359375 0.6103515625 0.068359375 0.0390625
0 0.25244140625 0.60009765625 0.0849609375 0.0400390625
0 0.05517578125 0.58984375 0.06640625 0.0361328125
0 0.25927734375 0.43408203125 0.0849609375 0.0380859375
0 0.06591796875 0.42333984375 0.0859375 0.0380859375
0 0.4296875 0.77734375 0.0673828125 0.0380859375
0 0.2421875 0.767578125 0.0732421875 0.037109375
0 0.04052734375 0.755859375 0.064453125 0.0361328125
0 0.041015625 0.92333984375 0.08203125 0.0380859375
0 0.2275390625 0.9345703125 0.0703125 0.037109375
0 0.41845703125 0.9443359375 0.0654296875 0.0380859375
0 0.81884765625 0.79638671875 0.0673828125 0.037109375
0 0.626953125 0.787109375 0.072265625 0.037109375
0 0.80908203125 0.9638671875 0.06640625 0.0361328125
0 0.6171875 0.95263671875 0.0693359375 0.037109375