1 0.0546875 0.27294921875 0.0927734375 0.029296875
1 0.07568359375 0.4384765625 0.0771484375 0.0390625
1 0.259765625 0.42333984375 0.09375 0.0322265625
1 0.24560546875 0.25927734375 0.0986328125 0.04296875
1 0.4482421875 0.24658203125 0.0810546875 0.0390625
1 0.4580078125 0.41162109375 0.083984375 0.03125
1 0.64111328125 0.22998046875 0.0791015625 0.029296875
1 0.828125 0.21875 0.0908203125 0.03125
1 0.6474609375 0.39599609375 0.0908203125 0.03125
1 0.85107421875 0.38037109375 0.0693359375 0.029296875
1 0.08984375 0.60546875 0.0712890625 0.02734375
1 0.2685546875 0.59228515625 0.099609375 0.0390625
1 0.09765625 0.77490234375 0.0791015625 0.0283203125
1 0.29052734375 0.7578125 0.0771484375 0.0322265625
1 0.470703125 0.580078125 0.0849609375 0.0390625
1 0.48095703125 0.74658203125 0.083984375 0.0400390625
1 0.6591796875 0.568359375 0.0927734375 0.04296875
1 0.67138671875 0.73486328125 0.087890625 0.0390625
1 0.8681640625 0.71875 0.0810546875 0.033203125
1 0.85400390625 0.55517578125 0.0869140625 0.033203125
0 0.15283203125 0.265625 0.06640625 0.0390625
0 0.34521484375 0.2529296875 0.06640625 0.0390625
0 0.5341796875 0.23974609375 0.0673828125 0.0380859375
0 0.1630859375 0.43310546875 0.060546875 0.037109375
0 0.35546875 0.41943359375 0.0654296875 0.0400390625
0 0.54443359375 0.40625 0.072265625 0.0361328125
0 0.73046875 0.22607421875 0.06640625 0.0390625
0 0.91943359375 0.21337890625 0.0703125 0.037109375
0 0.73876953125 0.3935546875 0.068359375 0.0390625
0 0.9345703125 0.37939453125 0.0654296875 0.0390625
0 0.7548828125 0.5595703125 0.0654296875 0.0380859375
0 0.94677734375 0.5458984375 0.0673828125 0.037109375
0 0.9541015625 0.71240234375 0.0859375 0.0361328125
0 0.76171875 0.7265625 0.0751953125 0.0380859375
0 0.5546875 0.57373046875 0.0859375 0.037109375
0 0.56787109375 0.74072265625 0.0869140625 0.037109375
0 0.36328125 0.5869140625 0.0859375 0.0390625
0 0.3779296875 0.75390625 0.0712890625 0.0380859375
0 0.17578125 0.599609375 0.068359375 0.0390625
0 0.18310546875 0.76806640625 0.0712890625 0.037109375