0 0.8349609375 0.51953125 0.0859375 0.0439453125
1 0.91357421875 0.521484375 0.06640625 0.0283203125
0 0.64208984375 0.505859375 0.0859375 0.041015625
1 0.7314453125 0.5146484375 0.0859375 0.0390625
0 0.44921875 0.49365234375 0.0888671875 0.044921875
1 0.53955078125 0.50244140625 0.0908203125 0.0400390625
0 0.2568359375 0.47900390625 0.08984375 0.0458984375
1 0.33984375 0.48681640625 0.078125 0.0400390625
1 0.146484375 0.47265625 0.0791015625 0.0390625
1 0.90380859375 0.70361328125 0.0703125 0.0283203125
1 0.716796875 0.69140625 0.0849609375 0.04296875
1 0.515625 0.67724609375 0.068359375 0.0302734375
1 0.33056640625 0.66796875 0.0859375 0.041015625
1 0.13525390625 0.64990234375 0.080078125 0.0322265625
0 0.06298828125 0.46533203125 0.0908203125 0.046875
0 0.8232421875 0.70068359375 0.087890625 0.044921875
0 0.63037109375 0.68701171875 0.0869140625 0.044921875
0 0.43701171875 0.67333984375 0.087890625 0.0439453125
0 0.2451171875 0.66015625 0.0869140625 0.04296875
0 0.0517578125 0.64697265625 0.087890625 0.0439453125
1 0.8994140625 0.888671875 0.083984375 0.0400390625
1 0.7001953125 0.87548828125 0.0751953125 0.03125
1 0.50927734375 0.857421875 0.08203125 0.03125
1 0.31201171875 0.84375 0.0703125 0.0283203125
1 0.12890625 0.83447265625 0.0927734375 0.041015625
0 0.81005859375 0.880859375 0.0888671875 0.0439453125
0 0.61767578125 0.8681640625 0.08984375 0.0458984375
0 0.42431640625 0.85498046875 0.087890625 0.0439453125
0 0.2314453125 0.84033203125 0.0869140625 0.044921875
0 0.041015625 0.826171875 0.08203125 0.044921875