1 0.06884765625 0.2509765625 0.091796875 0.037109375
1 0.2734375 0.2412109375 0.0673828125 0.025390625
1 0.46337890625 0.24072265625 0.076171875 0.025390625
1 0.66162109375 0.23779296875 0.0673828125 0.0263671875
1 0.8447265625 0.23291015625 0.0869140625 0.025390625
1 0.8525390625 0.39892578125 0.0771484375 0.0263671875
1 0.65625 0.40234375 0.08203125 0.0263671875
1 0.466796875 0.41796875 0.0771484375 0.0263671875
1 0.2724609375 0.4169921875 0.076171875 0.0263671875
1 0.07666015625 0.419921875 0.080078125 0.0234375
1 0.07958984375 0.5859375 0.08203125 0.0244140625
1 0.2734375 0.5810546875 0.0830078125 0.037109375
1 0.46923828125 0.576171875 0.0732421875 0.02734375
1 0.65771484375 0.576171875 0.0810546875 0.025390625
1 0.08154296875 0.75 0.08203125 0.025390625
1 0.28369140625 0.75 0.0615234375 0.02734375
1 0.4765625 0.74609375 0.060546875 0.0283203125
1 0.857421875 0.5693359375 0.068359375 0.025390625
1 0.6591796875 0.74267578125 0.0859375 0.0263671875
1 0.9384765625 0.66845703125 0.0615234375 0.0693359375
0 0.15966796875 0.24951171875 0.0830078125 0.033203125
0 0.35595703125 0.24560546875 0.0654296875 0.0341796875
0 0.54541015625 0.24267578125 0.0810546875 0.03515625
0 0.16259765625 0.4169921875 0.0830078125 0.03515625
0 0.35595703125 0.41357421875 0.083984375 0.03515625
0 0.55029296875 0.41015625 0.068359375 0.03515625
0 0.74169921875 0.40625 0.0654296875 0.0380859375
0 0.74169921875 0.23828125 0.0654296875 0.03515625
0 0.9345703125 0.234375 0.0634765625 0.03515625
0 0.9384765625 0.40283203125 0.0654296875 0.0361328125
0 0.94189453125 0.5693359375 0.0673828125 0.0361328125
0 0.748046875 0.572265625 0.0654296875 0.03515625
0 0.7509765625 0.74072265625 0.0654296875 0.03515625
0 0.9296875 0.73779296875 0.1064453125 0.037109375
0 0.55712890625 0.5771484375 0.0693359375 0.03515625
0 0.5556640625 0.74365234375 0.083984375 0.03515625
0 0.36376953125 0.7470703125 0.0693359375 0.03515625
0 0.3603515625 0.57958984375 0.0732421875 0.0341796875
0 0.16943359375 0.58349609375 0.0693359375 0.03515625
0 0.17236328125 0.7509765625 0.064453125 0.0361328125