1 0.06640625 0.2666015625 0.0810546875 0.0302734375
1 0.25927734375 0.25390625 0.078125 0.0302734375
1 0.4609375 0.240234375 0.0634765625 0.02734375
1 0.0703125 0.4345703125 0.091796875 0.0390625
1 0.26708984375 0.423828125 0.08203125 0.0390625
1 0.6435546875 0.23193359375 0.083984375 0.0302734375
1 0.84619140625 0.2197265625 0.0654296875 0.02734375
1 0.45849609375 0.4111328125 0.0849609375 0.0302734375
1 0.65283203125 0.39697265625 0.08203125 0.0283203125
1 0.8466796875 0.390625 0.08203125 0.0302734375
1 0.08740234375 0.5947265625 0.072265625 0.029296875
1 0.27392578125 0.5888671875 0.083984375 0.03125
1 0.4755859375 0.57763671875 0.06640625 0.033203125
1 0.658203125 0.56689453125 0.08984375 0.0419921875
1 0.861328125 0.5517578125 0.0693359375 0.0302734375
1 0.08251953125 0.7646484375 0.1025390625 0.0478515625
1 0.26171875 0.7587890625 0.080078125 0.037109375
1 0.4560546875 0.74609375 0.078125 0.037109375
1 0.6650390625 0.73828125 0.0791015625 0.037109375
1 0.84033203125 0.72705078125 0.080078125 0.037109375
0 0.1494140625 0.25927734375 0.083984375 0.0390625
0 0.3447265625 0.24951171875 0.0869140625 0.0380859375
0 0.53955078125 0.23828125 0.0771484375 0.0390625
0 0.736328125 0.228515625 0.06640625 0.037109375
0 0.92529296875 0.21875 0.072265625 0.0390625
0 0.15966796875 0.42626953125 0.0693359375 0.037109375
0 0.35595703125 0.4150390625 0.072265625 0.0380859375
0 0.54541015625 0.40625 0.0751953125 0.0380859375
0 0.7373046875 0.396484375 0.0673828125 0.037109375
0 0.9345703125 0.3857421875 0.068359375 0.0380859375
0 0.1708984375 0.5927734375 0.072265625 0.037109375
0 0.36572265625 0.58349609375 0.0732421875 0.0390625
0 0.560546875 0.57275390625 0.068359375 0.0400390625
0 0.7490234375 0.56201171875 0.0654296875 0.0361328125
0 0.94189453125 0.55224609375 0.07421875 0.0390625
0 0.1767578125 0.75830078125 0.0849609375 0.0380859375
0 0.35791015625 0.7509765625 0.1103515625 0.04296875
0 0.55126953125 0.73974609375 0.1103515625 0.0400390625
0 0.74951171875 0.72998046875 0.0859375 0.0390625
0 0.93798828125 0.72021484375 0.109375 0.041015625