1 0.921875 0.43017578125 0.0859375 0.0478515625
1 0.72607421875 0.4375 0.0810546875 0.0390625
1 0.54248046875 0.4443359375 0.09765625 0.0400390625
1 0.349609375 0.44970703125 0.08984375 0.029296875
1 0.92138671875 0.59716796875 0.072265625 0.0283203125
1 0.732421875 0.6083984375 0.08203125 0.0361328125
1 0.54736328125 0.61328125 0.0986328125 0.0400390625
1 0.3544921875 0.61767578125 0.0859375 0.0283203125
1 0.9345703125 0.767578125 0.08984375 0.0380859375
1 0.74072265625 0.77001953125 0.0859375 0.02734375
1 0.939453125 0.9326171875 0.087890625 0.0380859375
1 0.74267578125 0.935546875 0.0771484375 0.02734375
1 0.55126953125 0.78076171875 0.0947265625 0.0361328125
1 0.5458984375 0.9423828125 0.0703125 0.02734375
1 0.35107421875 0.7822265625 0.076171875 0.0283203125
1 0.16357421875 0.791015625 0.09375 0.037109375
1 0.361328125 0.94873046875 0.083984375 0.025390625
1 0.1708984375 0.9521484375 0.0908203125 0.02734375
1 0.158203125 0.45703125 0.095703125 0.0283203125
1 0.1572265625 0.626953125 0.087890625 0.037109375
0 0.8330078125 0.43505859375 0.083984375 0.03515625
0 0.64111328125 0.4423828125 0.0859375 0.03515625
0 0.44921875 0.44873046875 0.0859375 0.0361328125
0 0.2587890625 0.455078125 0.0849609375 0.0361328125
0 0.83935546875 0.6025390625 0.0859375 0.03515625
0 0.646484375 0.6103515625 0.083984375 0.037109375
0 0.4541015625 0.61572265625 0.0849609375 0.0380859375
0 0.26123046875 0.62158203125 0.0693359375 0.0361328125
0 0.0654296875 0.46044921875 0.0654296875 0.03515625
0 0.0654296875 0.6279296875 0.068359375 0.037109375
0 0.06689453125 0.794921875 0.0634765625 0.03515625
0 0.07861328125 0.9619140625 0.07421875 0.0361328125
0 0.2666015625 0.95458984375 0.0625 0.0361328125
0 0.2607421875 0.78759765625 0.06640625 0.03515625
0 0.45166015625 0.78173828125 0.064453125 0.037109375
0 0.4599609375 0.94921875 0.0673828125 0.037109375
0 0.841796875 0.76904296875 0.0693359375 0.03515625
0 0.65185546875 0.775390625 0.0732421875 0.0361328125
0 0.849609375 0.93505859375 0.068359375 0.0361328125
0 0.6552734375 0.94140625 0.064453125 0.0361328125