1 0.0869140625 0.4208984375 0.0732421875 0.0400390625
1 0.26708984375 0.43408203125 0.1005859375 0.0400390625
1 0.46142578125 0.4453125 0.0966796875 0.0390625
1 0.078125 0.58056640625 0.0654296875 0.0283203125
1 0.2568359375 0.599609375 0.095703125 0.0400390625
1 0.44873046875 0.6123046875 0.09765625 0.0390625
1 0.05615234375 0.7548828125 0.087890625 0.0390625
1 0.2431640625 0.76416015625 0.09765625 0.03125
1 0.43896484375 0.77587890625 0.0927734375 0.029296875
1 0.04931640625 0.91796875 0.0751953125 0.037109375
1 0.244140625 0.9306640625 0.0703125 0.0263671875
1 0.431640625 0.9443359375 0.0830078125 0.02734375
1 0.63720703125 0.7939453125 0.078125 0.0380859375
1 0.8330078125 0.80517578125 0.0771484375 0.029296875
1 0.62060546875 0.953125 0.08984375 0.0283203125
1 0.81689453125 0.97119140625 0.087890625 0.0390625
1 0.642578125 0.62353515625 0.0908203125 0.0302734375
1 0.84326171875 0.6328125 0.08203125 0.029296875
1 0.6708984375 0.4580078125 0.0615234375 0.0283203125
1 0.85009765625 0.46875 0.0888671875 0.0322265625
0 0.16845703125 0.423828125 0.0849609375 0.0390625
0 0.36181640625 0.43701171875 0.087890625 0.0400390625
0 0.552734375 0.45068359375 0.0859375 0.0390625
0 0.15673828125 0.58984375 0.087890625 0.0400390625
0 0.349609375 0.60400390625 0.0859375 0.0400390625
0 0.54150390625 0.6171875 0.0849609375 0.0390625
0 0.15185546875 0.7568359375 0.0654296875 0.037109375
0 0.34130859375 0.77001953125 0.0673828125 0.037109375
0 0.53564453125 0.783203125 0.0654296875 0.037109375
0 0.525390625 0.9501953125 0.064453125 0.0380859375
0 0.3271484375 0.9365234375 0.0712890625 0.0380859375
0 0.13623046875 0.9228515625 0.064453125 0.0400390625
0 0.7265625 0.79638671875 0.0673828125 0.037109375
0 0.923828125 0.8095703125 0.0634765625 0.03515625
0 0.71337890625 0.96337890625 0.072265625 0.0380859375
0 0.90966796875 0.9765625 0.0693359375 0.0400390625
0 0.7470703125 0.4638671875 0.0859375 0.0380859375
0 0.939453125 0.47705078125 0.083984375 0.0390625
0 0.732421875 0.630859375 0.06640625 0.0380859375
0 0.93310546875 0.64404296875 0.0693359375 0.0390625