1 0.0703125 0.25927734375 0.0810546875 0.0390625
1 0.263671875 0.251953125 0.072265625 0.0263671875
1 0.4541015625 0.2431640625 0.0849609375 0.0283203125
1 0.0732421875 0.42431640625 0.0810546875 0.029296875
1 0.26318359375 0.41650390625 0.0927734375 0.0263671875
1 0.45849609375 0.41357421875 0.0869140625 0.0390625
1 0.7294921875 0.18896484375 0.078125 0.0390625
1 0.83984375 0.232421875 0.0869140625 0.0361328125
1 0.65966796875 0.40478515625 0.068359375 0.025390625
1 0.8515625 0.40234375 0.0732421875 0.02734375
1 0.84814453125 0.5673828125 0.0947265625 0.0361328125
1 0.8408203125 0.734375 0.0791015625 0.0380859375
1 0.65625 0.57373046875 0.087890625 0.025390625
1 0.671875 0.73974609375 0.068359375 0.0400390625
1 0.4599609375 0.57373046875 0.095703125 0.0283203125
1 0.4755859375 0.74658203125 0.078125 0.037109375
1 0.26904296875 0.5869140625 0.0908203125 0.0380859375
1 0.07861328125 0.59130859375 0.087890625 0.0478515625
1 0.0888671875 0.7578125 0.0751953125 0.0263671875
1 0.279296875 0.75341796875 0.08203125 0.0361328125
0 0.15576171875 0.2548828125 0.0751953125 0.0361328125
0 0.35009765625 0.248046875 0.068359375 0.0361328125
0 0.166015625 0.42138671875 0.0693359375 0.0361328125
0 0.35400390625 0.4150390625 0.06640625 0.037109375
0 0.54833984375 0.24169921875 0.064453125 0.037109375
0 0.55126953125 0.4091796875 0.068359375 0.037109375
0 0.74658203125 0.40185546875 0.0654296875 0.03515625
0 0.73828125 0.234375 0.0673828125 0.037109375
0 0.93310546875 0.22802734375 0.0654296875 0.0361328125
0 0.9384765625 0.39501953125 0.068359375 0.037109375
0 0.94287109375 0.56201171875 0.068359375 0.0361328125
0 0.9345703125 0.72900390625 0.1083984375 0.037109375
0 0.75048828125 0.5693359375 0.068359375 0.0380859375
0 0.751953125 0.736328125 0.0869140625 0.037109375
0 0.556640625 0.576171875 0.068359375 0.0380859375
0 0.55908203125 0.7431640625 0.0869140625 0.0380859375
0 0.35986328125 0.58203125 0.0849609375 0.0380859375
0 0.1669921875 0.5888671875 0.0859375 0.037109375
0 0.17626953125 0.75634765625 0.0712890625 0.0361328125
0 0.3662109375 0.74951171875 0.0849609375 0.0361328125