1 0.076171875 0.44482421875 0.08447265625 0.044921875
1 0.27197265625 0.4453125 0.080078125 0.0361328125
1 0.45556640625 0.44580078125 0.0966796875 0.037109375
1 0.6484375 0.4443359375 0.08935546875 0.02587890625
1 0.08203125 0.61181640625 0.07177734375 0.025390625
1 0.271484375 0.6162109375 0.08056640625 0.03369140625
1 0.45654296875 0.61474609375 0.09716796875 0.03662109375
1 0.6494140625 0.6123046875 0.08544921875 0.02490234375
1 0.0751953125 0.78271484375 0.0888671875 0.03515625
1 0.26904296875 0.7783203125 0.0849609375 0.02392578125
1 0.07568359375 0.94775390625 0.08642578125 0.03515625
1 0.2724609375 0.94384765625 0.07666015625 0.0244140625
1 0.45849609375 0.7822265625 0.09326171875 0.033203125
1 0.4697265625 0.94384765625 0.0693359375 0.02490234375
1 0.65869140625 0.77685546875 0.0751953125 0.025390625
1 0.84619140625 0.779296875 0.09228515625 0.0341796875
1 0.654296875 0.94384765625 0.0830078125 0.02294921875
1 0.8447265625 0.9404296875 0.08984375 0.02392578125
1 0.84033203125 0.4453125 0.09521484375 0.02490234375
1 0.84716796875 0.61474609375 0.0869140625 0.03369140625
0 0.1650390625 0.44677734375 0.0830078125 0.0322265625
0 0.35693359375 0.447265625 0.0849609375 0.0322265625
0 0.548828125 0.44677734375 0.08447265625 0.03369140625
0 0.7392578125 0.44677734375 0.083984375 0.033203125
0 0.16455078125 0.6142578125 0.08447265625 0.03271484375
0 0.357421875 0.615234375 0.08251953125 0.03466796875
0 0.5498046875 0.6142578125 0.08349609375 0.03564453125
0 0.74267578125 0.61328125 0.06787109375 0.0341796875
0 0.93310546875 0.4453125 0.064453125 0.03271484375
0 0.93896484375 0.61279296875 0.0673828125 0.03515625
0 0.943359375 0.77978515625 0.0625 0.03271484375
0 0.93701171875 0.94677734375 0.07275390625 0.03369140625
0 0.7490234375 0.9462890625 0.0615234375 0.03369140625
0 0.7490234375 0.779296875 0.06494140625 0.033203125
0 0.55810546875 0.77978515625 0.0634765625 0.03466796875
0 0.5556640625 0.94775390625 0.06591796875 0.03515625
0 0.16796875 0.78076171875 0.06787109375 0.03271484375
0 0.35791015625 0.78076171875 0.072265625 0.03369140625
0 0.166015625 0.94677734375 0.0673828125 0.0341796875
0 0.3603515625 0.94677734375 0.0634765625 0.0341796875