1 0.08154296875 0.23388671875 0.1005859375 0.025390625
1 0.2802734375 0.23974609375 0.080078125 0.0361328125
1 0.55859375 0.19189453125 0.052734375 0.056640625
1 0.0986328125 0.39794921875 0.0712890625 0.037109375
1 0.36669921875 0.36767578125 0.078125 0.03515625
1 0.48388671875 0.41015625 0.052734375 0.025390625
1 0.66943359375 0.2578125 0.0908203125 0.025390625
1 0.673828125 0.423828125 0.06640625 0.0263671875
1 0.8505859375 0.4306640625 0.1005859375 0.02734375
1 0.86474609375 0.255859375 0.08203125 0.0361328125
1 0.75341796875 0.5419921875 0.04296875 0.044921875
1 0.8525390625 0.59033203125 0.0859375 0.02734375
1 0.9013671875 0.70849609375 0.0859375 0.046875
1 0.56689453125 0.6953125 0.0517578125 0.0546875
1 0.462890625 0.5791015625 0.1015625 0.037109375
1 0.35595703125 0.52197265625 0.064453125 0.056640625
1 0.083984375 0.5703125 0.0859375 0.0263671875
1 0.076171875 0.7275390625 0.091796875 0.0380859375
1 0.2646484375 0.734375 0.0869140625 0.0390625
0 0.17724609375 0.232421875 0.0830078125 0.0361328125
0 0.369140625 0.2392578125 0.083984375 0.0361328125
0 0.568359375 0.24658203125 0.0693359375 0.0361328125
0 0.17626953125 0.40087890625 0.064453125 0.03515625
0 0.36962890625 0.4072265625 0.068359375 0.0341796875
0 0.55615234375 0.41357421875 0.0849609375 0.03515625
0 0.7607421875 0.25341796875 0.06640625 0.037109375
0 0.75439453125 0.42041015625 0.0673828125 0.037109375
0 0.95263671875 0.26025390625 0.06640625 0.037109375
0 0.947265625 0.427734375 0.068359375 0.0361328125
0 0.94091796875 0.5947265625 0.06640625 0.037109375
0 0.748046875 0.587890625 0.0673828125 0.0361328125
0 0.9150390625 0.75537109375 0.109375 0.0380859375
0 0.556640625 0.5810546875 0.06640625 0.0341796875
0 0.53369140625 0.7421875 0.109375 0.0380859375
0 0.3583984375 0.57470703125 0.0859375 0.0380859375
0 0.1728515625 0.56787109375 0.0673828125 0.0390625
0 0.1669921875 0.73046875 0.06640625 0.037109375
0 0.3583984375 0.73779296875 0.0693359375 0.037109375