1 0.91064453125 0.46728515625 0.0654296875 0.0283203125
1 0.720703125 0.484375 0.0732421875 0.0400390625
1 0.53466796875 0.49609375 0.083984375 0.0419921875
1 0.9384765625 0.650390625 0.0927734375 0.0400390625
1 0.73046875 0.66064453125 0.0634765625 0.02734375
1 0.54638671875 0.67724609375 0.080078125 0.0390625
1 0.341796875 0.5078125 0.0810546875 0.041015625
1 0.359375 0.68896484375 0.0888671875 0.0419921875
1 0.14599609375 0.51904296875 0.072265625 0.0302734375
1 0.1572265625 0.697265625 0.068359375 0.0283203125
1 0.166015625 0.88037109375 0.0673828125 0.029296875
1 0.3701171875 0.869140625 0.0849609375 0.029296875
1 0.5576171875 0.85302734375 0.076171875 0.0302734375
1 0.94189453125 0.82861328125 0.076171875 0.0302734375
1 0.755859375 0.84228515625 0.09375 0.041015625
0 0.8310546875 0.474609375 0.0859375 0.0380859375
0 0.6396484375 0.48828125 0.0869140625 0.0380859375
0 0.447265625 0.501953125 0.0869140625 0.0380859375
0 0.2568359375 0.51513671875 0.087890625 0.0400390625
0 0.06298828125 0.52783203125 0.0859375 0.0390625
0 0.07568359375 0.708984375 0.0849609375 0.0380859375
0 0.26904296875 0.6953125 0.0869140625 0.0380859375
0 0.46142578125 0.68115234375 0.0849609375 0.0390625
0 0.65185546875 0.66845703125 0.0869140625 0.0400390625
0 0.8447265625 0.65478515625 0.0703125 0.0361328125
0 0.85693359375 0.8349609375 0.0859375 0.0380859375
0 0.6640625 0.84912109375 0.0869140625 0.0390625
0 0.47314453125 0.86279296875 0.0859375 0.0380859375
0 0.27978515625 0.87548828125 0.0693359375 0.0380859375
0 0.08447265625 0.88818359375 0.0673828125 0.0361328125