1 0.9248046875 0.43408203125 0.09765625 0.0380859375
1 0.71533203125 0.43896484375 0.064453125 0.0283203125
1 0.5234375 0.44384765625 0.0654296875 0.025390625
1 0.9248046875 0.59765625 0.087890625 0.0283203125
1 0.7216796875 0.60400390625 0.0615234375 0.025390625
1 0.54052734375 0.609375 0.0830078125 0.025390625
1 0.34765625 0.453125 0.091796875 0.0361328125
1 0.14892578125 0.455078125 0.0712890625 0.025390625
1 0.33935546875 0.61328125 0.068359375 0.0244140625
1 0.1572265625 0.62548828125 0.0849609375 0.0380859375
1 0.35400390625 0.78271484375 0.0791015625 0.0283203125
1 0.15869140625 0.79443359375 0.0810546875 0.02734375
1 0.35791015625 0.951171875 0.0830078125 0.02734375
1 0.16162109375 0.95751953125 0.078125 0.025390625
1 0.92529296875 0.76611328125 0.0712890625 0.0263671875
1 0.74267578125 0.77294921875 0.09375 0.0400390625
1 0.5478515625 0.78076171875 0.091796875 0.0380859375
1 0.5478515625 0.9453125 0.080078125 0.03515625
1 0.73974609375 0.9404296875 0.08203125 0.025390625
1 0.93408203125 0.93212890625 0.0732421875 0.0263671875
0 0.8310546875 0.435546875 0.0859375 0.0361328125
0 0.638671875 0.4423828125 0.0849609375 0.03515625
0 0.44580078125 0.44921875 0.083984375 0.0361328125
0 0.2568359375 0.455078125 0.0859375 0.03515625
0 0.837890625 0.60205078125 0.083984375 0.03515625
0 0.64404296875 0.60986328125 0.083984375 0.0361328125
0 0.451171875 0.615234375 0.083984375 0.037109375
0 0.2607421875 0.62158203125 0.087890625 0.03515625
0 0.84375 0.76904296875 0.0830078125 0.03515625
0 0.84765625 0.93505859375 0.0712890625 0.03515625
0 0.64892578125 0.77587890625 0.0654296875 0.03515625
0 0.65673828125 0.94140625 0.0693359375 0.033203125
0 0.46142578125 0.94921875 0.064453125 0.03515625
0 0.45703125 0.78173828125 0.0810546875 0.0341796875
0 0.26611328125 0.78857421875 0.0849609375 0.03515625
0 0.2705078125 0.9560546875 0.0712890625 0.03515625
0 0.072265625 0.79541015625 0.08203125 0.037109375
0 0.076171875 0.96240234375 0.0693359375 0.03515625