1 0.07421875 0.4482421875 0.09619140625 0.0341796875
1 0.07861328125 0.61279296875 0.0869140625 0.02783203125
1 0.28271484375 0.61181640625 0.06298828125 0.0244140625
1 0.28271484375 0.44677734375 0.0634765625 0.02392578125
1 0.474609375 0.44580078125 0.0634765625 0.02294921875
1 0.46435546875 0.61181640625 0.08203125 0.02490234375
0 0.16748046875 0.447265625 0.08447265625 0.03173828125
0 0.35986328125 0.44677734375 0.08447265625 0.0322265625
0 0.55224609375 0.447265625 0.08154296875 0.03173828125
0 0.166015625 0.61376953125 0.08447265625 0.0322265625
0 0.36083984375 0.61376953125 0.0849609375 0.03173828125
0 0.55322265625 0.61474609375 0.08203125 0.0341796875
1 0.65087890625 0.44775390625 0.09130859375 0.03515625
1 0.6640625 0.607421875 0.06591796875 0.02294921875
1 0.84814453125 0.61376953125 0.08349609375 0.033203125
1 0.849609375 0.44287109375 0.06884765625 0.0224609375
0 0.7412109375 0.44677734375 0.08349609375 0.03125
0 0.93212890625 0.44580078125 0.0830078125 0.03125
0 0.7431640625 0.61376953125 0.0830078125 0.03369140625
0 0.93798828125 0.61279296875 0.08203125 0.033203125
0 0.9375 0.7802734375 0.08349609375 0.03173828125
0 0.93994140625 0.94677734375 0.06884765625 0.0322265625
0 0.74462890625 0.78076171875 0.08349609375 0.03173828125
0 0.74609375 0.94775390625 0.06787109375 0.03125
0 0.55517578125 0.947265625 0.06494140625 0.033203125
0 0.55224609375 0.78076171875 0.08154296875 0.03173828125
1 0.46337890625 0.7822265625 0.08935546875 0.033203125
1 0.6572265625 0.77783203125 0.07763671875 0.0244140625
1 0.8525390625 0.78173828125 0.078125 0.02294921875
1 0.853515625 0.94580078125 0.07421875 0.0224609375
1 0.658203125 0.9462890625 0.08056640625 0.0244140625
1 0.4677734375 0.9482421875 0.078125 0.03369140625
0 0.166015625 0.78125 0.08447265625 0.033203125
0 0.3603515625 0.78125 0.06298828125 0.03369140625
0 0.35986328125 0.94775390625 0.072265625 0.033203125
0 0.16943359375 0.94775390625 0.06787109375 0.03173828125
1 0.08349609375 0.7822265625 0.07421875 0.0234375
1 0.2685546875 0.78173828125 0.08935546875 0.03369140625
1 0.27587890625 0.94775390625 0.080078125 0.02294921875
1 0.08203125 0.947265625 0.0751953125 0.02392578125