1 0.0830078125 0.23779296875 0.06591796875 0.0244140625
1 0.2783203125 0.23681640625 0.06103515625 0.0244140625
1 0.46435546875 0.23828125 0.08154296875 0.02392578125
1 0.65380859375 0.23583984375 0.0869140625 0.02490234375
1 0.8544921875 0.24169921875 0.0751953125 0.021484375
0 0.93798828125 0.24169921875 0.083984375 0.03125
0 0.7451171875 0.24169921875 0.0595703125 0.03369140625
0 0.55126953125 0.24169921875 0.08447265625 0.03173828125
0 0.3564453125 0.2421875 0.08251953125 0.0322265625
0 0.1640625 0.24169921875 0.0810546875 0.03271484375
1 0.080078125 0.4111328125 0.076171875 0.0224609375
0 0.1640625 0.40869140625 0.068359375 0.03271484375
1 0.26220703125 0.41064453125 0.099609375 0.03271484375
1 0.4677734375 0.4111328125 0.06640625 0.0322265625
1 0.6552734375 0.408203125 0.08740234375 0.03515625
1 0.853515625 0.40625 0.07421875 0.02587890625
0 0.939453125 0.4091796875 0.06640625 0.03173828125
0 0.7470703125 0.4091796875 0.0634765625 0.0322265625
0 0.5498046875 0.40869140625 0.08349609375 0.03125
0 0.35888671875 0.4091796875 0.08251953125 0.03125
1 0.08056640625 0.5771484375 0.07421875 0.025390625
1 0.271484375 0.57861328125 0.07958984375 0.0341796875
1 0.46240234375 0.57666015625 0.08154296875 0.025390625
1 0.6611328125 0.576171875 0.0703125 0.02587890625
1 0.85205078125 0.57275390625 0.080078125 0.02490234375
0 0.94091796875 0.57568359375 0.06787109375 0.03271484375
0 0.74560546875 0.5751953125 0.06201171875 0.03173828125
0 0.55322265625 0.576171875 0.06591796875 0.0322265625
0 0.3603515625 0.576171875 0.0693359375 0.03369140625
0 0.16943359375 0.57568359375 0.0654296875 0.033203125
1 0.07275390625 0.744140625 0.09033203125 0.0341796875
1 0.26708984375 0.74169921875 0.0888671875 0.03466796875
1 0.4638671875 0.7431640625 0.078125 0.03515625
1 0.6513671875 0.74169921875 0.087890625 0.02734375
1 0.8515625 0.7431640625 0.07958984375 0.0341796875
0 0.93701171875 0.74365234375 0.08349609375 0.0322265625
0 0.748046875 0.7431640625 0.06640625 0.0322265625
0 0.5498046875 0.7431640625 0.0615234375 0.03173828125
0 0.3564453125 0.74365234375 0.08056640625 0.03125
0 0.166015625 0.74365234375 0.06494140625 0.03369140625