1 0.9287109375 0.47412109375 0.08984375 0.0498046875
1 0.7373046875 0.4619140625 0.0927734375 0.0419921875
1 0.54541015625 0.44873046875 0.0966796875 0.0419921875
1 0.91552734375 0.6376953125 0.0869140625 0.0322265625
1 0.72314453125 0.63134765625 0.0869140625 0.041015625
1 0.52001953125 0.61181640625 0.0673828125 0.0283203125
1 0.34912109375 0.43359375 0.0849609375 0.029296875
1 0.14501953125 0.419921875 0.06640625 0.0302734375
1 0.33984375 0.60302734375 0.0947265625 0.0439453125
1 0.1455078125 0.587890625 0.08984375 0.041015625
1 0.3291015625 0.77001953125 0.087890625 0.0390625
1 0.1220703125 0.75537109375 0.0673828125 0.0283203125
1 0.32080078125 0.931640625 0.095703125 0.0322265625
1 0.12255859375 0.91650390625 0.0830078125 0.03125
1 0.90234375 0.8056640625 0.083984375 0.0302734375
1 0.708984375 0.79638671875 0.0810546875 0.0283203125
1 0.52001953125 0.78466796875 0.091796875 0.0283203125
1 0.50927734375 0.951171875 0.095703125 0.0390625
1 0.69482421875 0.96435546875 0.076171875 0.029296875
1 0.89013671875 0.9765625 0.0859375 0.0390625
0 0.8369140625 0.47021484375 0.0830078125 0.0390625
0 0.64697265625 0.45703125 0.0859375 0.0390625
0 0.453125 0.44384765625 0.0859375 0.0380859375
0 0.828125 0.6376953125 0.0849609375 0.0390625
0 0.6328125 0.623046875 0.0654296875 0.0400390625
0 0.44140625 0.6103515625 0.0654296875 0.037109375
0 0.26123046875 0.43017578125 0.0859375 0.0390625
0 0.0673828125 0.41552734375 0.083984375 0.041015625
0 0.24951171875 0.59765625 0.0849609375 0.0380859375
0 0.0556640625 0.58203125 0.0859375 0.0400390625
0 0.236328125 0.7626953125 0.0703125 0.0380859375
0 0.03857421875 0.748046875 0.0673828125 0.0400390625
0 0.03271484375 0.91455078125 0.0654296875 0.0400390625
0 0.22412109375 0.9287109375 0.072265625 0.0380859375
0 0.4287109375 0.775390625 0.0849609375 0.0380859375
0 0.41650390625 0.9423828125 0.0712890625 0.0380859375
0 0.60693359375 0.95556640625 0.0673828125 0.0400390625
0 0.6220703125 0.7890625 0.0849609375 0.0400390625
0 0.8115234375 0.80224609375 0.0712890625 0.0380859375
0 0.802734375 0.9697265625 0.0703125 0.0390625