1 0.92041015625 0.4228515625 0.0869140625 0.048828125
1 0.724609375 0.43359375 0.08203125 0.0400390625
1 0.54150390625 0.443359375 0.0986328125 0.0419921875
1 0.3486328125 0.4521484375 0.0908203125 0.0302734375
1 0.92333984375 0.58984375 0.0732421875 0.029296875
1 0.734375 0.60400390625 0.08203125 0.0380859375
1 0.54931640625 0.6123046875 0.0986328125 0.0419921875
1 0.3564453125 0.6201171875 0.0869140625 0.029296875
1 0.93896484375 0.76025390625 0.0908203125 0.0400390625
1 0.7451171875 0.765625 0.0859375 0.0283203125
1 0.947265625 0.9248046875 0.087890625 0.0400390625
1 0.75048828125 0.93115234375 0.078125 0.0283203125
1 0.55615234375 0.77978515625 0.0947265625 0.0380859375
1 0.55322265625 0.94189453125 0.0703125 0.0283203125
1 0.35595703125 0.78466796875 0.076171875 0.029296875
1 0.1689453125 0.796875 0.09375 0.0390625
1 0.369140625 0.951171875 0.083984375 0.02734375
1 0.1787109375 0.9580078125 0.0908203125 0.0283203125
1 0.1572265625 0.46337890625 0.0966796875 0.0302734375
1 0.1591796875 0.6328125 0.0888671875 0.0380859375
0 0.83154296875 0.42919921875 0.0849609375 0.0361328125
0 0.64013671875 0.43994140625 0.0869140625 0.037109375
0 0.4482421875 0.44921875 0.0859375 0.0380859375
0 0.25830078125 0.45947265625 0.0859375 0.037109375
0 0.8408203125 0.5966796875 0.0859375 0.037109375
0 0.6484375 0.607421875 0.083984375 0.0390625
0 0.4560546875 0.61669921875 0.0849609375 0.0400390625
0 0.263671875 0.6259765625 0.0693359375 0.0380859375
0 0.064453125 0.46826171875 0.06640625 0.0361328125
0 0.0673828125 0.6357421875 0.0693359375 0.0390625
0 0.07177734375 0.802734375 0.064453125 0.0361328125
0 0.0869140625 0.96923828125 0.07421875 0.037109375
0 0.27490234375 0.95849609375 0.0634765625 0.037109375
0 0.26611328125 0.7919921875 0.06640625 0.0361328125
0 0.45654296875 0.7822265625 0.0654296875 0.0380859375
0 0.4677734375 0.9501953125 0.0673828125 0.0380859375
0 0.84619140625 0.76318359375 0.0693359375 0.0361328125
0 0.65673828125 0.77294921875 0.07421875 0.037109375
0 0.85693359375 0.9287109375 0.0693359375 0.0380859375
0 0.66259765625 0.93896484375 0.0654296875 0.037109375