1 0.0849609375 0.2373046875 0.0673828125 0.0263671875
1 0.27294921875 0.24072265625 0.07666015625 0.025390625
1 0.0751953125 0.40869140625 0.08544921875 0.037109375
1 0.27099609375 0.40576171875 0.08056640625 0.0263671875
1 0.46923828125 0.39990234375 0.05908203125 0.0361328125
1 0.6611328125 0.2421875 0.07421875 0.03515625
1 0.84765625 0.2421875 0.0849609375 0.02490234375
1 0.6611328125 0.4052734375 0.0732421875 0.025390625
1 0.8564453125 0.40625 0.0712890625 0.0361328125
1 0.0791015625 0.5751953125 0.07861328125 0.033203125
1 0.0791015625 0.74365234375 0.07763671875 0.03515625
1 0.26611328125 0.7412109375 0.08935546875 0.02685546875
1 0.27685546875 0.57568359375 0.06787109375 0.02490234375
1 0.4638671875 0.57470703125 0.0810546875 0.0244140625
1 0.45556640625 0.740234375 0.1005859375 0.044921875
1 0.6533203125 0.5771484375 0.08837890625 0.0244140625
1 0.84619140625 0.5751953125 0.0888671875 0.03564453125
1 0.93701171875 0.6513671875 0.05908203125 0.06640625
1 0.662109375 0.744140625 0.06787109375 0.025390625
0 0.1640625 0.2412109375 0.08349609375 0.03173828125
0 0.357421875 0.24169921875 0.083984375 0.03369140625
0 0.16259765625 0.4091796875 0.06689453125 0.03271484375
0 0.35693359375 0.4091796875 0.064453125 0.033203125
0 0.544921875 0.40478515625 0.06640625 0.03271484375
0 0.74267578125 0.2421875 0.08447265625 0.03271484375
0 0.7451171875 0.408203125 0.0625 0.03125
0 0.9375 0.2412109375 0.0849609375 0.0322265625
0 0.94091796875 0.4091796875 0.06982421875 0.0322265625
0 0.74755859375 0.57568359375 0.064453125 0.03466796875
0 0.9375 0.57568359375 0.08154296875 0.03173828125
0 0.92626953125 0.7431640625 0.10693359375 0.0322265625
0 0.748046875 0.7431640625 0.0654296875 0.03173828125
0 0.55322265625 0.576171875 0.06396484375 0.0322265625
0 0.55029296875 0.74267578125 0.08203125 0.03173828125
0 0.35888671875 0.57568359375 0.07177734375 0.03369140625
0 0.16845703125 0.5751953125 0.06689453125 0.03271484375
0 0.166015625 0.74365234375 0.0673828125 0.033203125
0 0.36083984375 0.7431640625 0.0654296875 0.03466796875