1 0.07421875 0.25244140625 0.06640625 0.0263671875
1 0.26904296875 0.24462890625 0.0615234375 0.0263671875
1 0.455078125 0.23974609375 0.08203125 0.0263671875
1 0.64453125 0.23046875 0.087890625 0.0283203125
1 0.84521484375 0.2294921875 0.076171875 0.0244140625
0 0.9287109375 0.2265625 0.0849609375 0.0341796875
0 0.73583984375 0.2333984375 0.060546875 0.0361328125
0 0.5419921875 0.240234375 0.0859375 0.0341796875
0 0.34765625 0.24755859375 0.083984375 0.03515625
0 0.1552734375 0.25341796875 0.08203125 0.03515625
1 0.0771484375 0.42578125 0.0771484375 0.025390625
0 0.1611328125 0.42041015625 0.0693359375 0.03515625
1 0.25927734375 0.4189453125 0.1005859375 0.0361328125
1 0.46484375 0.412109375 0.0673828125 0.0341796875
1 0.65185546875 0.40283203125 0.0888671875 0.0380859375
1 0.85009765625 0.39404296875 0.0751953125 0.0283203125
0 0.93603515625 0.39404296875 0.0673828125 0.0341796875
0 0.74365234375 0.400390625 0.064453125 0.0341796875
0 0.54638671875 0.4072265625 0.0849609375 0.0341796875
0 0.35595703125 0.4140625 0.083984375 0.0341796875
1 0.08349609375 0.591796875 0.0751953125 0.0283203125
1 0.2744140625 0.58642578125 0.0810546875 0.037109375
1 0.46533203125 0.578125 0.08203125 0.0283203125
1 0.66357421875 0.5703125 0.0712890625 0.0283203125
1 0.8544921875 0.560546875 0.0810546875 0.02734375
0 0.943359375 0.56005859375 0.0693359375 0.03515625
0 0.748046875 0.56640625 0.0634765625 0.0341796875
0 0.5556640625 0.57421875 0.0673828125 0.0341796875
0 0.36328125 0.5810546875 0.0703125 0.0361328125
0 0.17236328125 0.58740234375 0.06640625 0.03515625
1 0.08154296875 0.7587890625 0.091796875 0.037109375
1 0.27587890625 0.74951171875 0.08984375 0.0380859375
1 0.47216796875 0.744140625 0.0791015625 0.0380859375
1 0.65966796875 0.736328125 0.0888671875 0.0302734375
1 0.85986328125 0.73095703125 0.0810546875 0.037109375
0 0.9453125 0.72802734375 0.0849609375 0.03515625
0 0.75634765625 0.734375 0.0673828125 0.0341796875
0 0.55810546875 0.7412109375 0.0625 0.0341796875
0 0.365234375 0.74853515625 0.08203125 0.0341796875
0 0.1748046875 0.75537109375 0.06640625 0.0361328125