1 0.0703125 0.44873046875 0.09765625 0.03564453125
1 0.265625 0.44921875 0.09033203125 0.03466796875
1 0.4560546875 0.44970703125 0.09814453125 0.03564453125
1 0.07568359375 0.611328125 0.0830078125 0.02783203125
1 0.26220703125 0.61474609375 0.09716796875 0.03662109375
1 0.46240234375 0.61328125 0.08203125 0.02783203125
1 0.65673828125 0.44970703125 0.07958984375 0.025390625
1 0.84619140625 0.4453125 0.08642578125 0.02392578125
1 0.65673828125 0.6201171875 0.080078125 0.02392578125
1 0.8603515625 0.62158203125 0.06005859375 0.025390625
1 0.8525390625 0.78173828125 0.07861328125 0.02490234375
1 0.65087890625 0.7822265625 0.09423828125 0.03564453125
1 0.0751953125 0.78271484375 0.0859375 0.025390625
1 0.271484375 0.7841796875 0.07861328125 0.0341796875
1 0.4541015625 0.78125 0.09521484375 0.025390625
1 0.08154296875 0.9462890625 0.07275390625 0.03564453125
1 0.27685546875 0.94580078125 0.06982421875 0.025390625
1 0.46337890625 0.94775390625 0.08154296875 0.025390625
1 0.845703125 0.947265625 0.09228515625 0.025390625
1 0.6494140625 0.9462890625 0.09912109375 0.04296875
0 0.1640625 0.44677734375 0.08203125 0.03369140625
0 0.35693359375 0.44677734375 0.0849609375 0.03466796875
0 0.55029296875 0.44677734375 0.08251953125 0.033203125
0 0.1650390625 0.6142578125 0.06494140625 0.03515625
0 0.35693359375 0.61376953125 0.08251953125 0.03466796875
0 0.55078125 0.61328125 0.06689453125 0.03515625
0 0.7421875 0.61279296875 0.0830078125 0.0361328125
0 0.939453125 0.61279296875 0.064453125 0.033203125
0 0.74365234375 0.44677734375 0.08349609375 0.0341796875
0 0.9375 0.4462890625 0.083984375 0.0341796875
0 0.5556640625 0.78076171875 0.0654296875 0.03466796875
0 0.74365234375 0.78076171875 0.07177734375 0.03369140625
0 0.9453125 0.77978515625 0.06298828125 0.033203125
0 0.9375 0.947265625 0.083984375 0.03369140625
0 0.74951171875 0.9482421875 0.06884765625 0.03369140625
0 0.55810546875 0.94775390625 0.0634765625 0.03515625
0 0.166015625 0.779296875 0.0654296875 0.03369140625
0 0.3583984375 0.7802734375 0.0703125 0.03369140625
0 0.1669921875 0.947265625 0.06494140625 0.033203125
0 0.359375 0.94580078125 0.0673828125 0.033203125