1 0.07421875 0.4443359375 0.0869140625 0.0439453125
1 0.26611328125 0.4453125 0.0908203125 0.03564453125
1 0.45849609375 0.44580078125 0.09423828125 0.03564453125
1 0.07568359375 0.6083984375 0.08544921875 0.02587890625
1 0.26806640625 0.615234375 0.08447265625 0.03564453125
1 0.47216796875 0.6103515625 0.06591796875 0.02392578125
1 0.6552734375 0.4443359375 0.083984375 0.02392578125
1 0.85986328125 0.44482421875 0.06494140625 0.025390625
1 0.65283203125 0.61376953125 0.0927734375 0.037109375
1 0.84765625 0.6123046875 0.08740234375 0.03466796875
1 0.65185546875 0.78125 0.0859375 0.033203125
1 0.859375 0.78125 0.06591796875 0.0234375
1 0.6484375 0.94287109375 0.09375 0.025390625
1 0.84765625 0.94189453125 0.0810546875 0.025390625
1 0.0771484375 0.77685546875 0.08251953125 0.0244140625
1 0.27099609375 0.78125 0.080078125 0.02294921875
1 0.4599609375 0.78271484375 0.09033203125 0.0224609375
1 0.45947265625 0.94921875 0.09326171875 0.0322265625
1 0.2734375 0.94970703125 0.07421875 0.02392578125
1 0.07763671875 0.9482421875 0.08349609375 0.03369140625
0 0.166015625 0.44677734375 0.0810546875 0.033203125
0 0.3564453125 0.44677734375 0.083984375 0.03369140625
0 0.55078125 0.447265625 0.083984375 0.03271484375
0 0.1630859375 0.6142578125 0.0830078125 0.033203125
0 0.35888671875 0.61328125 0.0634765625 0.03564453125
0 0.55078125 0.6142578125 0.06298828125 0.033203125
0 0.7431640625 0.44677734375 0.083984375 0.03369140625
0 0.9375 0.44580078125 0.08203125 0.03515625
0 0.7431640625 0.61474609375 0.08251953125 0.03271484375
0 0.9375 0.61279296875 0.08349609375 0.0341796875
0 0.74462890625 0.7802734375 0.068359375 0.033203125
0 0.94287109375 0.77978515625 0.06494140625 0.03515625
0 0.939453125 0.9462890625 0.06787109375 0.03564453125
0 0.7451171875 0.94677734375 0.06982421875 0.03369140625
0 0.5517578125 0.77978515625 0.08251953125 0.0322265625
0 0.55224609375 0.947265625 0.0693359375 0.03369140625
0 0.361328125 0.94677734375 0.06494140625 0.03515625
0 0.35791015625 0.77978515625 0.0830078125 0.03466796875
0 0.16796875 0.77978515625 0.06884765625 0.03369140625
0 0.1650390625 0.947265625 0.06787109375 0.03466796875