1 0.0859375 0.44482421875 0.064453125 0.02587890625
1 0.2666015625 0.44970703125 0.08984375 0.03515625
1 0.46142578125 0.44775390625 0.08837890625 0.03515625
1 0.66357421875 0.44482421875 0.06640625 0.0234375
1 0.8603515625 0.4453125 0.0625 0.0234375
1 0.85400390625 0.6123046875 0.0771484375 0.0224609375
1 0.6533203125 0.61376953125 0.08544921875 0.0244140625
1 0.47314453125 0.609375 0.0625 0.0234375
1 0.2763671875 0.6162109375 0.07275390625 0.033203125
1 0.0849609375 0.61376953125 0.06591796875 0.02392578125
1 0.07373046875 0.7822265625 0.08935546875 0.03369140625
1 0.27978515625 0.7802734375 0.06298828125 0.0244140625
1 0.46337890625 0.78466796875 0.08154296875 0.03466796875
1 0.65771484375 0.78125 0.07470703125 0.02685546875
1 0.859375 0.77978515625 0.06396484375 0.0244140625
1 0.8544921875 0.94775390625 0.07568359375 0.0244140625
1 0.66015625 0.9462890625 0.076171875 0.0244140625
1 0.4638671875 0.94580078125 0.08154296875 0.0234375
1 0.26708984375 0.947265625 0.08740234375 0.025390625
1 0.07275390625 0.947265625 0.08837890625 0.0341796875
0 0.16455078125 0.447265625 0.08349609375 0.033203125
0 0.357421875 0.4462890625 0.08349609375 0.03369140625
0 0.55078125 0.447265625 0.08349609375 0.0322265625
0 0.74267578125 0.44677734375 0.0810546875 0.0341796875
0 0.93701171875 0.4462890625 0.083984375 0.033203125
0 0.16259765625 0.61376953125 0.064453125 0.033203125
0 0.35791015625 0.61376953125 0.08203125 0.0341796875
0 0.55029296875 0.6142578125 0.08154296875 0.03515625
0 0.74365234375 0.61376953125 0.08056640625 0.0322265625
0 0.9384765625 0.61279296875 0.08154296875 0.03515625
0 0.9404296875 0.78076171875 0.0625 0.03466796875
0 0.7431640625 0.78076171875 0.08203125 0.03466796875
0 0.55078125 0.7802734375 0.08154296875 0.03369140625
0 0.3583984375 0.78076171875 0.0830078125 0.03466796875
0 0.16552734375 0.77978515625 0.06689453125 0.0361328125
0 0.16357421875 0.947265625 0.08349609375 0.033203125
0 0.3564453125 0.94677734375 0.0654296875 0.0341796875
0 0.5546875 0.94775390625 0.06689453125 0.03515625
0 0.74365234375 0.94775390625 0.0810546875 0.03271484375
0 0.93896484375 0.94677734375 0.06884765625 0.033203125