0 0.16455078125 0.49609375 0.08349609375 0.0380859375
1 0.0859375 0.49267578125 0.06494140625 0.02392578125
0 0.35791015625 0.49609375 0.08349609375 0.03564453125
1 0.26806640625 0.49853515625 0.08349609375 0.03369140625
0 0.55126953125 0.4970703125 0.0859375 0.0390625
1 0.46044921875 0.49951171875 0.08837890625 0.03369140625
0 0.744140625 0.49609375 0.0869140625 0.03955078125
1 0.66064453125 0.498046875 0.076171875 0.03515625
1 0.8544921875 0.49755859375 0.0771484375 0.0341796875
1 0.0830078125 0.6748046875 0.068359375 0.02392578125
1 0.2705078125 0.67578125 0.08251953125 0.03759765625
1 0.47216796875 0.67578125 0.06640625 0.025390625
1 0.6572265625 0.67919921875 0.08349609375 0.03564453125
1 0.853515625 0.6748046875 0.078125 0.02685546875
0 0.9384765625 0.49609375 0.08837890625 0.041015625
0 0.16357421875 0.677734375 0.08544921875 0.0390625
0 0.35693359375 0.67724609375 0.08447265625 0.03955078125
0 0.55078125 0.67724609375 0.08544921875 0.0380859375
0 0.7431640625 0.677734375 0.08447265625 0.03759765625
0 0.93701171875 0.677734375 0.08544921875 0.0380859375
1 0.07421875 0.85986328125 0.08203125 0.03466796875
1 0.27392578125 0.86083984375 0.0732421875 0.0263671875
1 0.4658203125 0.85595703125 0.08056640625 0.025390625
1 0.66357421875 0.85595703125 0.068359375 0.02392578125
1 0.8466796875 0.859375 0.0908203125 0.03515625
0 0.1640625 0.8583984375 0.0869140625 0.03759765625
0 0.35693359375 0.85888671875 0.0869140625 0.0400390625
0 0.55078125 0.859375 0.08544921875 0.03759765625
0 0.744140625 0.8583984375 0.083984375 0.0390625
0 0.9375 0.85791015625 0.083984375 0.03955078125