1 0.072265625 0.24853515625 0.09716796875 0.02734375
1 0.271484375 0.2470703125 0.08056640625 0.03369140625
1 0.546875 0.18994140625 0.05078125 0.05810546875
1 0.65966796875 0.25146484375 0.091796875 0.02587890625
1 0.85595703125 0.2431640625 0.08251953125 0.03662109375
1 0.84912109375 0.41796875 0.103515625 0.02490234375
1 0.671875 0.41845703125 0.06787109375 0.025390625
1 0.4814453125 0.41259765625 0.05224609375 0.02587890625
1 0.095703125 0.41259765625 0.06884765625 0.0361328125
1 0.36328125 0.37255859375 0.0751953125 0.0322265625
1 0.35546875 0.5263671875 0.05908203125 0.056640625
1 0.08740234375 0.5849609375 0.08642578125 0.02587890625
1 0.46533203125 0.58154296875 0.09814453125 0.0361328125
1 0.7548828125 0.53369140625 0.0390625 0.04736328125
1 0.8564453125 0.56787109375 0.0888671875 0.0234375
1 0.0849609375 0.7431640625 0.09033203125 0.03564453125
1 0.27490234375 0.74267578125 0.0859375 0.03515625
1 0.57421875 0.69189453125 0.05029296875 0.0537109375
1 0.90869140625 0.6943359375 0.0849609375 0.046875
0 0.9248046875 0.74072265625 0.10888671875 0.03515625
0 0.36865234375 0.74267578125 0.06640625 0.037109375
0 0.541015625 0.74072265625 0.107421875 0.0341796875
0 0.17626953125 0.7421875 0.0654296875 0.03564453125
0 0.173828125 0.4111328125 0.06982421875 0.03369140625
0 0.1767578125 0.580078125 0.06298828125 0.03662109375
0 0.361328125 0.57861328125 0.08251953125 0.03466796875
0 0.3662109375 0.41162109375 0.0634765625 0.03564453125
0 0.5537109375 0.41064453125 0.08203125 0.0341796875
0 0.56103515625 0.57958984375 0.06689453125 0.03564453125
0 0.75244140625 0.41162109375 0.06591796875 0.03662109375
0 0.75146484375 0.57958984375 0.06591796875 0.03564453125
0 0.94287109375 0.57958984375 0.06640625 0.0361328125
0 0.94482421875 0.41162109375 0.064453125 0.03369140625
0 0.94482421875 0.244140625 0.0615234375 0.0361328125
0 0.7529296875 0.24365234375 0.064453125 0.0361328125
0 0.16748046875 0.24365234375 0.08251953125 0.0322265625
0 0.361328125 0.24365234375 0.08349609375 0.03564453125
0 0.560546875 0.24365234375 0.0654296875 0.03515625