1 0.92578125 0.44140625 0.0966796875 0.0361328125
1 0.71630859375 0.4423828125 0.0634765625 0.02734375
1 0.5244140625 0.4443359375 0.064453125 0.0244140625
1 0.9228515625 0.60498046875 0.087890625 0.02734375
1 0.7197265625 0.60791015625 0.060546875 0.0244140625
1 0.53857421875 0.6103515625 0.0830078125 0.0244140625
1 0.3486328125 0.4501953125 0.091796875 0.0341796875
1 0.14990234375 0.44873046875 0.0703125 0.0244140625
1 0.33740234375 0.6103515625 0.0673828125 0.0234375
1 0.15478515625 0.619140625 0.0849609375 0.037109375
1 0.34912109375 0.77978515625 0.078125 0.0263671875
1 0.1533203125 0.7880859375 0.0810546875 0.0263671875
1 0.35009765625 0.9482421875 0.08203125 0.025390625
1 0.15380859375 0.95166015625 0.0771484375 0.0244140625
1 0.92041015625 0.7734375 0.0703125 0.025390625
1 0.73779296875 0.77734375 0.0927734375 0.0380859375
1 0.54296875 0.78173828125 0.091796875 0.0361328125
1 0.5400390625 0.9462890625 0.080078125 0.0341796875
1 0.73193359375 0.94482421875 0.0810546875 0.0234375
1 0.9267578125 0.93994140625 0.0732421875 0.025390625
0 0.83203125 0.44140625 0.0849609375 0.03515625
0 0.6396484375 0.44482421875 0.0849609375 0.0341796875
0 0.44677734375 0.4482421875 0.0830078125 0.03515625
0 0.2578125 0.451171875 0.0859375 0.0341796875
0 0.8359375 0.60791015625 0.083984375 0.033203125
0 0.64208984375 0.6123046875 0.0830078125 0.03515625
0 0.44921875 0.6142578125 0.083984375 0.03515625
0 0.2587890625 0.61767578125 0.0869140625 0.0341796875
0 0.8388671875 0.77490234375 0.0830078125 0.033203125
0 0.83984375 0.94091796875 0.0712890625 0.0341796875
0 0.64404296875 0.7783203125 0.0654296875 0.0341796875
0 0.64892578125 0.9443359375 0.0693359375 0.0322265625
0 0.45361328125 0.94873046875 0.0634765625 0.0341796875
0 0.4521484375 0.78125 0.0810546875 0.0322265625
0 0.26123046875 0.78466796875 0.0849609375 0.0341796875
0 0.2626953125 0.9521484375 0.0712890625 0.0341796875
0 0.06689453125 0.7880859375 0.0810546875 0.03515625
0 0.06787109375 0.955078125 0.0693359375 0.0341796875