1 0.93359375 0.26708984375 0.0810546875 0.0400390625
1 0.74072265625 0.255859375 0.0732421875 0.02734375
1 0.55078125 0.244140625 0.0859375 0.029296875
1 0.927734375 0.43212890625 0.08203125 0.03125
1 0.73828125 0.42041015625 0.09375 0.0283203125
1 0.54296875 0.4140625 0.087890625 0.041015625
1 0.27587890625 0.18505859375 0.078125 0.041015625
1 0.16455078125 0.2265625 0.087890625 0.0380859375
1 0.341796875 0.40234375 0.0693359375 0.02734375
1 0.14990234375 0.39599609375 0.07421875 0.0283203125
1 0.150390625 0.5615234375 0.0947265625 0.0380859375
1 0.1552734375 0.728515625 0.0791015625 0.0390625
1 0.34228515625 0.57080078125 0.087890625 0.02734375
1 0.32373046875 0.73681640625 0.0693359375 0.041015625
1 0.53857421875 0.57421875 0.0966796875 0.0302734375
1 0.5205078125 0.7470703125 0.078125 0.0380859375
1 0.7294921875 0.5908203125 0.0908203125 0.0390625
1 0.919921875 0.5986328125 0.087890625 0.048828125
1 0.90673828125 0.7646484375 0.076171875 0.02734375
1 0.71630859375 0.75732421875 0.08203125 0.0380859375
0 0.8486328125 0.26123046875 0.0751953125 0.037109375
0 0.654296875 0.2509765625 0.068359375 0.037109375
0 0.83544921875 0.42724609375 0.0693359375 0.037109375
0 0.6474609375 0.41796875 0.06640625 0.0380859375
0 0.45654296875 0.2412109375 0.064453125 0.0380859375
0 0.45068359375 0.408203125 0.068359375 0.0380859375
0 0.2548828125 0.3974609375 0.0654296875 0.0361328125
0 0.26611328125 0.22998046875 0.068359375 0.0380859375
0 0.07177734375 0.22021484375 0.0654296875 0.037109375
0 0.0634765625 0.38720703125 0.068359375 0.0380859375
0 0.05615234375 0.5546875 0.0693359375 0.037109375
0 0.0615234375 0.7216796875 0.1083984375 0.0390625
0 0.248046875 0.56494140625 0.0693359375 0.0400390625
0 0.24365234375 0.73193359375 0.087890625 0.0380859375
0 0.4423828125 0.5751953125 0.068359375 0.0390625
0 0.4365234375 0.7421875 0.087890625 0.0390625
0 0.638671875 0.58447265625 0.0859375 0.0390625
0 0.83154296875 0.5947265625 0.0869140625 0.0390625
0 0.8193359375 0.76220703125 0.072265625 0.037109375
0 0.62939453125 0.751953125 0.0849609375 0.037109375