1 0.07568359375 0.443359375 0.08740234375 0.0439453125
1 0.26904296875 0.44384765625 0.0888671875 0.025390625
1 0.45849609375 0.4462890625 0.0986328125 0.03662109375
1 0.65771484375 0.4482421875 0.0791015625 0.03466796875
1 0.85009765625 0.44482421875 0.08642578125 0.02685546875
0 0.93896484375 0.44580078125 0.0830078125 0.03076171875
0 0.744140625 0.447265625 0.0830078125 0.0322265625
0 0.552734375 0.447265625 0.08154296875 0.0322265625
0 0.359375 0.44677734375 0.08203125 0.033203125
0 0.16650390625 0.447265625 0.08251953125 0.03271484375
1 0.0908203125 0.6064453125 0.06298828125 0.0224609375
1 0.27294921875 0.615234375 0.0830078125 0.025390625
1 0.466796875 0.6123046875 0.080078125 0.04541015625
1 0.64990234375 0.6123046875 0.09619140625 0.03466796875
1 0.859375 0.6103515625 0.06591796875 0.02490234375
1 0.078125 0.7841796875 0.0791015625 0.0244140625
1 0.2734375 0.78515625 0.0771484375 0.02490234375
1 0.46435546875 0.7802734375 0.08984375 0.02734375
1 0.6572265625 0.78369140625 0.07861328125 0.02294921875
1 0.85107421875 0.7783203125 0.0810546875 0.0244140625
1 0.8515625 0.9443359375 0.0791015625 0.02294921875
1 0.65771484375 0.9453125 0.07763671875 0.0361328125
1 0.46875 0.94970703125 0.080078125 0.03271484375
1 0.072265625 0.94775390625 0.0927734375 0.025390625
1 0.2763671875 0.94677734375 0.07861328125 0.02294921875
0 0.16748046875 0.61376953125 0.08251953125 0.0322265625
0 0.36083984375 0.61376953125 0.08251953125 0.03125
0 0.55126953125 0.6142578125 0.08349609375 0.03271484375
0 0.74365234375 0.61328125 0.08154296875 0.0322265625
0 0.9384765625 0.61279296875 0.0654296875 0.03271484375
0 0.94384765625 0.77978515625 0.0634765625 0.033203125
0 0.74609375 0.7802734375 0.0654296875 0.03173828125
0 0.552734375 0.78076171875 0.08251953125 0.0322265625
0 0.1669921875 0.78125 0.0849609375 0.03369140625
0 0.3603515625 0.78125 0.0849609375 0.03369140625
0 0.169921875 0.9482421875 0.06689453125 0.033203125
0 0.36328125 0.9482421875 0.06396484375 0.0341796875
0 0.55517578125 0.94775390625 0.06396484375 0.033203125
0 0.7431640625 0.94775390625 0.083984375 0.03271484375
0 0.93701171875 0.94677734375 0.07080078125 0.03271484375