1 0.083984375 0.23974609375 0.06787109375 0.02734375
1 0.27685546875 0.24267578125 0.0712890625 0.037109375
1 0.47265625 0.2392578125 0.06494140625 0.02685546875
0 0.166015625 0.2431640625 0.06494140625 0.0341796875
0 0.357421875 0.24365234375 0.08349609375 0.0341796875
0 0.5498046875 0.244140625 0.0810546875 0.0341796875
0 0.74267578125 0.24365234375 0.08349609375 0.03369140625
0 0.93701171875 0.244140625 0.08203125 0.0341796875
1 0.65966796875 0.240234375 0.07666015625 0.0263671875
1 0.8525390625 0.24462890625 0.080078125 0.025390625
1 0.0810546875 0.4130859375 0.0732421875 0.02490234375
1 0.2724609375 0.41162109375 0.078125 0.03466796875
1 0.4736328125 0.408203125 0.0625 0.0263671875
0 0.16650390625 0.41015625 0.06494140625 0.0341796875
0 0.35791015625 0.41064453125 0.06298828125 0.03515625
0 0.55419921875 0.41015625 0.0654296875 0.03369140625
0 0.74462890625 0.4111328125 0.06689453125 0.03369140625
0 0.93994140625 0.41015625 0.06689453125 0.0341796875
1 0.6640625 0.4091796875 0.07080078125 0.02490234375
1 0.85400390625 0.40771484375 0.07568359375 0.02685546875
1 0.85107421875 0.57421875 0.0830078125 0.025390625
1 0.662109375 0.57568359375 0.06640625 0.025390625
1 0.46435546875 0.57861328125 0.06640625 0.02783203125
1 0.46484375 0.74365234375 0.080078125 0.03759765625
1 0.65576171875 0.74072265625 0.08203125 0.04541015625
1 0.85205078125 0.74560546875 0.0791015625 0.03369140625
0 0.94189453125 0.57763671875 0.0693359375 0.03369140625
0 0.7451171875 0.57861328125 0.06396484375 0.033203125
0 0.55126953125 0.578125 0.06591796875 0.0341796875
0 0.5498046875 0.7451171875 0.0634765625 0.033203125
0 0.748046875 0.7451171875 0.068359375 0.03466796875
0 0.9375 0.74560546875 0.08154296875 0.03466796875
0 0.35986328125 0.57763671875 0.06884765625 0.033203125
0 0.16748046875 0.57763671875 0.0693359375 0.03369140625
0 0.16796875 0.7451171875 0.06787109375 0.03369140625
0 0.357421875 0.74462890625 0.08349609375 0.03466796875
1 0.0771484375 0.57666015625 0.08251953125 0.02587890625
1 0.27001953125 0.57958984375 0.0810546875 0.0341796875
1 0.08349609375 0.744140625 0.06298828125 0.02490234375
1 0.279296875 0.74365234375 0.0615234375 0.02783203125