1 0.912109375 0.48876953125 0.0634765625 0.025390625
1 0.72119140625 0.49609375 0.0712890625 0.037109375
1 0.53466796875 0.498046875 0.08203125 0.037109375
1 0.9296875 0.67333984375 0.0908203125 0.0361328125
1 0.7216796875 0.67236328125 0.0615234375 0.0244140625
1 0.53662109375 0.6796875 0.078125 0.03515625
1 0.341796875 0.49951171875 0.0791015625 0.0361328125
1 0.349609375 0.68115234375 0.087890625 0.037109375
1 0.1455078125 0.50048828125 0.0703125 0.02734375
1 0.1474609375 0.67919921875 0.0673828125 0.025390625
1 0.146484375 0.8623046875 0.0654296875 0.0263671875
1 0.35107421875 0.86181640625 0.083984375 0.025390625
1 0.5390625 0.85546875 0.0751953125 0.0263671875
1 0.92431640625 0.8515625 0.07421875 0.0263671875
1 0.73779296875 0.85546875 0.0927734375 0.037109375
0 0.83203125 0.49169921875 0.0849609375 0.033203125
0 0.64013671875 0.49560546875 0.0859375 0.0341796875
0 0.447265625 0.4990234375 0.0859375 0.0341796875
0 0.25634765625 0.50244140625 0.0859375 0.0361328125
0 0.06201171875 0.5048828125 0.083984375 0.0341796875
0 0.0654296875 0.6865234375 0.0830078125 0.0341796875
0 0.2587890625 0.68310546875 0.0849609375 0.0341796875
0 0.45166015625 0.67919921875 0.083984375 0.03515625
0 0.642578125 0.67626953125 0.0859375 0.0361328125
0 0.8359375 0.67236328125 0.0693359375 0.0322265625
0 0.8388671875 0.85302734375 0.083984375 0.033203125
0 0.6455078125 0.857421875 0.0849609375 0.03515625
0 0.4541015625 0.86083984375 0.0849609375 0.033203125
0 0.26025390625 0.86376953125 0.068359375 0.0341796875
0 0.06494140625 0.8662109375 0.0654296875 0.0322265625