1 0.0791015625 0.244140625 0.080078125 0.0263671875
1 0.2724609375 0.24169921875 0.0771484375 0.02587890625
1 0.474609375 0.23876953125 0.0625 0.02392578125
1 0.07421875 0.412109375 0.08984375 0.0341796875
1 0.271484375 0.41162109375 0.080078125 0.03466796875
1 0.6572265625 0.23974609375 0.08251953125 0.02587890625
1 0.8603515625 0.23828125 0.064453125 0.0244140625
1 0.46337890625 0.4091796875 0.083984375 0.0263671875
1 0.658203125 0.4052734375 0.0810546875 0.02392578125
1 0.85205078125 0.40869140625 0.0810546875 0.02587890625
1 0.0830078125 0.5732421875 0.07080078125 0.025390625
1 0.26953125 0.5771484375 0.08251953125 0.02734375
1 0.4716796875 0.576171875 0.06494140625 0.02978515625
1 0.654296875 0.5751953125 0.087890625 0.037109375
1 0.85791015625 0.57080078125 0.06787109375 0.0263671875
1 0.0693359375 0.74267578125 0.10009765625 0.04248046875
1 0.24853515625 0.74609375 0.07861328125 0.03271484375
1 0.443359375 0.74365234375 0.07666015625 0.03271484375
1 0.65234375 0.74658203125 0.0771484375 0.033203125
1 0.828125 0.74462890625 0.078125 0.03271484375
0 0.16259765625 0.2412109375 0.08251953125 0.03466796875
0 0.35791015625 0.24169921875 0.0849609375 0.03369140625
0 0.55322265625 0.24072265625 0.0751953125 0.03564453125
0 0.75 0.2412109375 0.06494140625 0.0341796875
0 0.939453125 0.2412109375 0.0703125 0.03515625
0 0.1640625 0.40869140625 0.06787109375 0.03369140625
0 0.36083984375 0.40771484375 0.0703125 0.03466796875
0 0.55029296875 0.40869140625 0.0732421875 0.0341796875
0 0.7421875 0.4091796875 0.06591796875 0.0341796875
0 0.93994140625 0.40869140625 0.06640625 0.0341796875
0 0.16650390625 0.5751953125 0.0703125 0.03369140625
0 0.361328125 0.576171875 0.07177734375 0.03515625
0 0.556640625 0.57568359375 0.06640625 0.0361328125
0 0.74560546875 0.5751953125 0.06396484375 0.033203125
0 0.9384765625 0.5751953125 0.07275390625 0.03515625
0 0.16357421875 0.7412109375 0.08349609375 0.0341796875
0 0.34521484375 0.7431640625 0.10888671875 0.03759765625
0 0.53857421875 0.7421875 0.1083984375 0.0341796875
0 0.7373046875 0.74267578125 0.083984375 0.03515625
0 0.92578125 0.74267578125 0.107421875 0.03515625