1 0.08544921875 0.23681640625 0.0673828125 0.02490234375
1 0.2734375 0.24072265625 0.07666015625 0.0234375
1 0.07568359375 0.408203125 0.0859375 0.03369140625
1 0.27001953125 0.40576171875 0.08154296875 0.0244140625
1 0.47021484375 0.39990234375 0.05615234375 0.037109375
1 0.66162109375 0.24072265625 0.07421875 0.03466796875
1 0.662109375 0.4072265625 0.072265625 0.02490234375
1 0.857421875 0.4072265625 0.0712890625 0.037109375
1 0.84814453125 0.2421875 0.083984375 0.025390625
1 0.84814453125 0.5751953125 0.09033203125 0.03515625
1 0.9375 0.64990234375 0.0595703125 0.06640625
1 0.6640625 0.744140625 0.06640625 0.02392578125
1 0.65380859375 0.576171875 0.08935546875 0.025390625
1 0.46484375 0.57470703125 0.0810546875 0.02587890625
1 0.4560546875 0.740234375 0.1005859375 0.04443359375
1 0.27783203125 0.57763671875 0.06982421875 0.0244140625
1 0.0791015625 0.5751953125 0.08154296875 0.0341796875
1 0.07861328125 0.74462890625 0.08056640625 0.03466796875
1 0.2666015625 0.74072265625 0.08935546875 0.0283203125
0 0.1640625 0.24169921875 0.08349609375 0.0322265625
0 0.357421875 0.2412109375 0.08544921875 0.03125
0 0.1640625 0.40869140625 0.064453125 0.03369140625
0 0.35693359375 0.4091796875 0.06494140625 0.0341796875
0 0.544921875 0.404296875 0.06591796875 0.03271484375
0 0.744140625 0.24169921875 0.08447265625 0.0322265625
0 0.93798828125 0.2421875 0.08349609375 0.03271484375
0 0.74609375 0.40869140625 0.0634765625 0.033203125
0 0.9404296875 0.40869140625 0.064453125 0.0341796875
0 0.93701171875 0.5751953125 0.0830078125 0.03369140625
0 0.9248046875 0.7431640625 0.1103515625 0.03271484375
0 0.74658203125 0.57568359375 0.064453125 0.03173828125
0 0.7470703125 0.7431640625 0.06591796875 0.03466796875
0 0.55322265625 0.576171875 0.0634765625 0.03173828125
0 0.5498046875 0.74365234375 0.0830078125 0.03271484375
0 0.3603515625 0.74365234375 0.06787109375 0.033203125
0 0.359375 0.57568359375 0.06884765625 0.0322265625
0 0.16796875 0.5751953125 0.06591796875 0.0341796875
0 0.166015625 0.74267578125 0.06591796875 0.0341796875