1 0.9375 0.27392578125 0.08203125 0.0322265625
1 0.7451171875 0.25830078125 0.0791015625 0.03125
1 0.54345703125 0.2412109375 0.064453125 0.0283203125
1 0.9306640625 0.44189453125 0.091796875 0.0400390625
1 0.73388671875 0.427734375 0.08203125 0.0400390625
1 0.361328125 0.2294921875 0.083984375 0.03125
1 0.15869140625 0.2138671875 0.06640625 0.029296875
1 0.54296875 0.412109375 0.0859375 0.0322265625
1 0.3486328125 0.39453125 0.0830078125 0.029296875
1 0.1552734375 0.38427734375 0.0830078125 0.03125
1 0.91064453125 0.60205078125 0.072265625 0.0302734375
1 0.724609375 0.59326171875 0.083984375 0.033203125
1 0.52294921875 0.578125 0.06640625 0.0341796875
1 0.3408203125 0.564453125 0.08984375 0.04296875
1 0.13818359375 0.5458984375 0.0693359375 0.03125
1 0.91259765625 0.77197265625 0.1025390625 0.0498046875
1 0.73388671875 0.76318359375 0.0810546875 0.0380859375
1 0.53955078125 0.7470703125 0.0791015625 0.0380859375
1 0.3310546875 0.7353515625 0.0791015625 0.0380859375
1 0.15576171875 0.72119140625 0.080078125 0.0380859375
0 0.8544921875 0.26513671875 0.0849609375 0.0400390625
0 0.65966796875 0.25244140625 0.0869140625 0.0390625
0 0.46484375 0.23779296875 0.0771484375 0.041015625
0 0.2685546875 0.224609375 0.0673828125 0.0390625
0 0.07958984375 0.21142578125 0.072265625 0.0400390625
0 0.84130859375 0.43212890625 0.0703125 0.0380859375
0 0.64501953125 0.41748046875 0.072265625 0.0390625
0 0.4560546875 0.4052734375 0.0751953125 0.0390625
0 0.2646484375 0.392578125 0.068359375 0.0390625
0 0.0673828125 0.37841796875 0.068359375 0.0390625
0 0.82763671875 0.59814453125 0.072265625 0.0380859375
0 0.6328125 0.58544921875 0.07421875 0.0400390625
0 0.43798828125 0.57177734375 0.068359375 0.041015625
0 0.24951171875 0.55810546875 0.06640625 0.037109375
0 0.05712890625 0.54443359375 0.0751953125 0.0400390625
0 0.81884765625 0.76416015625 0.0859375 0.0400390625
0 0.63720703125 0.75341796875 0.111328125 0.044921875
0 0.44482421875 0.73876953125 0.1103515625 0.0419921875
0 0.24658203125 0.7255859375 0.0859375 0.041015625
0 0.05810546875 0.71240234375 0.109375 0.04296875