1 0.07666015625 0.44921875 0.080078125 0.037109375
1 0.27392578125 0.443359375 0.072265625 0.03515625
1 0.4677734375 0.44384765625 0.0732421875 0.033203125
1 0.47119140625 0.61669921875 0.068359375 0.0361328125
1 0.2666015625 0.61572265625 0.091796875 0.037109375
1 0.0712890625 0.61279296875 0.09375 0.0244140625
1 0.65966796875 0.4482421875 0.076171875 0.04296875
1 0.84912109375 0.4501953125 0.0830078125 0.03515625
1 0.84423828125 0.615234375 0.09375 0.03515625
1 0.6640625 0.6162109375 0.064453125 0.0361328125
1 0.85693359375 0.7841796875 0.078125 0.03515625
1 0.6650390625 0.77685546875 0.06640625 0.033203125
1 0.46240234375 0.77734375 0.08203125 0.03515625
1 0.46875 0.95361328125 0.087890625 0.0234375
1 0.65869140625 0.94384765625 0.0732421875 0.03515625
1 0.84912109375 0.95458984375 0.0810546875 0.0205078125
1 0.07421875 0.77978515625 0.0869140625 0.03515625
1 0.2763671875 0.787109375 0.0703125 0.0234375
1 0.27880859375 0.9482421875 0.0849609375 0.03515625
1 0.0830078125 0.9462890625 0.06640625 0.0341796875
0 0.16845703125 0.447265625 0.0830078125 0.03125
0 0.36083984375 0.44677734375 0.083984375 0.033203125
0 0.5537109375 0.447265625 0.083984375 0.033203125
0 0.16845703125 0.6142578125 0.083984375 0.033203125
0 0.35888671875 0.61376953125 0.08203125 0.033203125
0 0.5517578125 0.61474609375 0.0830078125 0.0341796875
0 0.7451171875 0.6142578125 0.08203125 0.033203125
0 0.93701171875 0.61328125 0.08203125 0.0322265625
0 0.93798828125 0.44677734375 0.08203125 0.033203125
0 0.74462890625 0.447265625 0.083984375 0.0341796875
0 0.94482421875 0.7802734375 0.064453125 0.0341796875
0 0.93701171875 0.94677734375 0.08203125 0.0341796875
0 0.7451171875 0.78076171875 0.083984375 0.03515625
0 0.7451171875 0.947265625 0.0849609375 0.0341796875
0 0.552734375 0.7802734375 0.08203125 0.033203125
0 0.5615234375 0.947265625 0.0625 0.033203125
0 0.16796875 0.7802734375 0.083984375 0.0341796875
0 0.359375 0.78076171875 0.0830078125 0.033203125
0 0.17236328125 0.94873046875 0.06640625 0.033203125
0 0.36865234375 0.94775390625 0.064453125 0.03515625