1 0.087890625 0.46435546875 0.0673828125 0.0302734375
1 0.2685546875 0.4833984375 0.0859375 0.0400390625
1 0.4716796875 0.49169921875 0.0673828125 0.0322265625
1 0.66015625 0.50634765625 0.07421875 0.0302734375
1 0.06591796875 0.65087890625 0.080078125 0.0400390625
1 0.26220703125 0.6650390625 0.0751953125 0.041015625
1 0.4599609375 0.67626953125 0.06640625 0.03125
1 0.64208984375 0.68798828125 0.08203125 0.04296875
1 0.85205078125 0.5224609375 0.080078125 0.0419921875
1 0.833984375 0.70458984375 0.0908203125 0.041015625
1 0.82666015625 0.8837890625 0.0791015625 0.03125
1 0.625 0.87109375 0.091796875 0.0400390625
1 0.4462890625 0.85498046875 0.0673828125 0.0283203125
1 0.24951171875 0.837890625 0.072265625 0.0283203125
1 0.052734375 0.82958984375 0.0849609375 0.04296875
0 0.1650390625 0.4736328125 0.0869140625 0.0400390625
0 0.35693359375 0.48779296875 0.0859375 0.0390625
0 0.55078125 0.5 0.0869140625 0.0400390625
0 0.74267578125 0.513671875 0.087890625 0.041015625
0 0.93701171875 0.5283203125 0.0859375 0.0400390625
0 0.92724609375 0.70703125 0.076171875 0.037109375
0 0.72998046875 0.69482421875 0.083984375 0.0400390625
0 0.53857421875 0.6806640625 0.0849609375 0.0400390625
0 0.3447265625 0.66796875 0.083984375 0.0400390625
0 0.15283203125 0.65380859375 0.0859375 0.0380859375
0 0.138671875 0.83544921875 0.083984375 0.0380859375
0 0.33251953125 0.84912109375 0.0849609375 0.0390625
0 0.525390625 0.8623046875 0.083984375 0.0380859375
0 0.71826171875 0.875 0.083984375 0.0380859375
0 0.91259765625 0.88818359375 0.0859375 0.0390625