1 0.08251953125 0.44970703125 0.0712890625 0.03466796875
1 0.26318359375 0.45068359375 0.09814453125 0.033203125
1 0.45751953125 0.4482421875 0.0947265625 0.03271484375
1 0.0849609375 0.60986328125 0.0634765625 0.02392578125
1 0.26416015625 0.6162109375 0.09326171875 0.03369140625
1 0.45654296875 0.61572265625 0.09521484375 0.03271484375
1 0.0751953125 0.78515625 0.08544921875 0.033203125
1 0.26220703125 0.78125 0.095703125 0.0244140625
1 0.45849609375 0.779296875 0.09130859375 0.0234375
1 0.07958984375 0.9482421875 0.0732421875 0.0322265625
1 0.27490234375 0.947265625 0.06884765625 0.021484375
1 0.462890625 0.9482421875 0.08154296875 0.02197265625
1 0.6572265625 0.78369140625 0.076171875 0.03271484375
1 0.853515625 0.78125 0.0751953125 0.02392578125
1 0.65185546875 0.94384765625 0.0888671875 0.0224609375
1 0.84912109375 0.94775390625 0.08544921875 0.03271484375
1 0.65087890625 0.61328125 0.08935546875 0.0244140625
1 0.8515625 0.6083984375 0.08056640625 0.0234375
1 0.66748046875 0.4462890625 0.0595703125 0.0244140625
1 0.84716796875 0.4443359375 0.08740234375 0.0263671875
0 0.1640625 0.447265625 0.0830078125 0.033203125
0 0.35791015625 0.44677734375 0.08544921875 0.03369140625
0 0.54931640625 0.447265625 0.08349609375 0.033203125
0 0.1640625 0.61376953125 0.0859375 0.0341796875
0 0.357421875 0.6142578125 0.083984375 0.0341796875
0 0.5498046875 0.61376953125 0.08251953125 0.033203125
0 0.17041015625 0.7802734375 0.06298828125 0.03271484375
0 0.3603515625 0.7802734375 0.0654296875 0.03271484375
0 0.55517578125 0.7802734375 0.06298828125 0.03271484375
0 0.556640625 0.947265625 0.0625 0.03369140625
0 0.35791015625 0.94775390625 0.0693359375 0.03369140625
0 0.16650390625 0.947265625 0.0625 0.03564453125
0 0.74658203125 0.77978515625 0.0654296875 0.0322265625
0 0.9443359375 0.779296875 0.0615234375 0.03125
0 0.7451171875 0.947265625 0.0703125 0.033203125
0 0.94189453125 0.94677734375 0.06689453125 0.03564453125
0 0.744140625 0.44677734375 0.083984375 0.0322265625
0 0.93701171875 0.4462890625 0.08203125 0.033203125
0 0.7412109375 0.6142578125 0.06396484375 0.0341796875
0 0.94189453125 0.61328125 0.06689453125 0.0341796875