1 0.9208984375 0.42138671875 0.08984375 0.048828125
1 0.7275390625 0.431640625 0.08984375 0.0302734375
1 0.53857421875 0.4443359375 0.1005859375 0.0419921875
1 0.33984375 0.45654296875 0.0810546875 0.0390625
1 0.1474609375 0.46337890625 0.087890625 0.03125
0 0.05859375 0.46875 0.0849609375 0.03515625
0 0.25341796875 0.4599609375 0.0849609375 0.0361328125
0 0.4443359375 0.4501953125 0.0830078125 0.0361328125
0 0.6376953125 0.439453125 0.083984375 0.037109375
0 0.830078125 0.4296875 0.083984375 0.037109375
1 0.9140625 0.5849609375 0.064453125 0.025390625
1 0.73291015625 0.60302734375 0.083984375 0.029296875
1 0.5390625 0.6103515625 0.08203125 0.0498046875
1 0.35595703125 0.6201171875 0.09765625 0.0400390625
1 0.14697265625 0.62890625 0.0673828125 0.0283203125
1 0.93603515625 0.76171875 0.080078125 0.0283203125
1 0.7412109375 0.77294921875 0.078125 0.029296875
1 0.55029296875 0.77783203125 0.0908203125 0.0322265625
1 0.35791015625 0.79150390625 0.080078125 0.02734375
1 0.1640625 0.79638671875 0.08203125 0.0283203125
1 0.17236328125 0.9619140625 0.080078125 0.02734375
1 0.36572265625 0.953125 0.0791015625 0.0400390625
1 0.5546875 0.947265625 0.08203125 0.037109375
1 0.95068359375 0.9248046875 0.09375 0.0302734375
1 0.74658203125 0.9345703125 0.080078125 0.02734375
0 0.837890625 0.59619140625 0.083984375 0.0361328125
0 0.64501953125 0.6064453125 0.083984375 0.03515625
0 0.45458984375 0.61669921875 0.0849609375 0.037109375
0 0.2626953125 0.6259765625 0.0830078125 0.0361328125
0 0.06787109375 0.6357421875 0.0673828125 0.0361328125
0 0.0712890625 0.802734375 0.0654296875 0.0361328125
0 0.26904296875 0.79296875 0.0673828125 0.03515625
0 0.4619140625 0.783203125 0.083984375 0.0361328125
0 0.84716796875 0.763671875 0.0869140625 0.0380859375
0 0.654296875 0.7734375 0.0869140625 0.0380859375
0 0.85302734375 0.93017578125 0.068359375 0.037109375
0 0.66015625 0.9404296875 0.0654296875 0.037109375
0 0.46826171875 0.9501953125 0.0654296875 0.0361328125
0 0.28076171875 0.9599609375 0.0859375 0.037109375
0 0.0869140625 0.96923828125 0.072265625 0.0361328125