0 0.8349609375 0.484375 0.0849609375 0.041015625
1 0.91357421875 0.47802734375 0.0654296875 0.0263671875
0 0.64208984375 0.4912109375 0.0849609375 0.0380859375
1 0.73193359375 0.490234375 0.0849609375 0.0361328125
0 0.44873046875 0.4990234375 0.0869140625 0.0419921875
1 0.53955078125 0.498046875 0.08984375 0.037109375
0 0.255859375 0.50439453125 0.087890625 0.04296875
1 0.33935546875 0.50341796875 0.0771484375 0.0380859375
1 0.1455078125 0.509765625 0.078125 0.037109375
1 0.9228515625 0.66015625 0.0693359375 0.0263671875
1 0.7353515625 0.66748046875 0.083984375 0.0400390625
1 0.5341796875 0.6748046875 0.0673828125 0.02734375
1 0.34912109375 0.6845703125 0.0849609375 0.0380859375
1 0.15283203125 0.68701171875 0.0791015625 0.029296875
0 0.0615234375 0.51123046875 0.08984375 0.0439453125
0 0.84228515625 0.666015625 0.0869140625 0.0419921875
0 0.64892578125 0.67236328125 0.0859375 0.0419921875
0 0.45556640625 0.6787109375 0.0869140625 0.041015625
0 0.26318359375 0.68603515625 0.0859375 0.0400390625
0 0.0693359375 0.69287109375 0.0869140625 0.041015625
1 0.93798828125 0.8447265625 0.0830078125 0.037109375
1 0.73876953125 0.8525390625 0.07421875 0.029296875
1 0.54638671875 0.8544921875 0.0810546875 0.0283203125
1 0.34912109375 0.861328125 0.0693359375 0.0263671875
1 0.166015625 0.87109375 0.091796875 0.0380859375
0 0.84814453125 0.8466796875 0.087890625 0.041015625
0 0.6552734375 0.853515625 0.087890625 0.04296875
0 0.4619140625 0.86083984375 0.0869140625 0.041015625
0 0.2685546875 0.86669921875 0.0849609375 0.0419921875
0 0.0751953125 0.873046875 0.0849609375 0.0419921875