1 0.0751953125 0.44140625 0.0771484375 0.0361328125
1 0.27392578125 0.4443359375 0.0732421875 0.03564453125
1 0.46875 0.44482421875 0.07080078125 0.03369140625
1 0.47021484375 0.6181640625 0.06640625 0.0341796875
1 0.2666015625 0.615234375 0.0888671875 0.03466796875
1 0.0712890625 0.61328125 0.0927734375 0.0263671875
1 0.658203125 0.44775390625 0.07958984375 0.0458984375
1 0.85205078125 0.451171875 0.07861328125 0.03515625
1 0.84375 0.61474609375 0.09521484375 0.03759765625
1 0.662109375 0.6162109375 0.06298828125 0.03466796875
1 0.66357421875 0.77685546875 0.068359375 0.03662109375
1 0.8564453125 0.78466796875 0.07763671875 0.03369140625
1 0.8486328125 0.95458984375 0.07763671875 0.021484375
1 0.658203125 0.9453125 0.0732421875 0.0380859375
1 0.462890625 0.77734375 0.08349609375 0.0341796875
1 0.46826171875 0.95458984375 0.08642578125 0.02294921875
1 0.2783203125 0.94775390625 0.0830078125 0.03564453125
1 0.2763671875 0.7880859375 0.072265625 0.0234375
1 0.07421875 0.7783203125 0.0869140625 0.03466796875
1 0.08349609375 0.9462890625 0.068359375 0.03515625
0 0.1689453125 0.447265625 0.08447265625 0.033203125
0 0.3603515625 0.447265625 0.0830078125 0.03271484375
0 0.5537109375 0.447265625 0.08447265625 0.03271484375
0 0.16845703125 0.61474609375 0.0810546875 0.03173828125
0 0.3603515625 0.61474609375 0.08251953125 0.03271484375
0 0.552734375 0.61474609375 0.08349609375 0.0341796875
0 0.7451171875 0.61328125 0.083984375 0.0322265625
0 0.9375 0.61328125 0.08544921875 0.0341796875
0 0.7451171875 0.44677734375 0.08349609375 0.0322265625
0 0.93798828125 0.4462890625 0.08203125 0.033203125
0 0.9453125 0.7802734375 0.06298828125 0.03271484375
0 0.93701171875 0.94677734375 0.0810546875 0.033203125
0 0.74560546875 0.78125 0.08251953125 0.03515625
0 0.74462890625 0.9482421875 0.0849609375 0.0341796875
0 0.5625 0.94873046875 0.0634765625 0.03564453125
0 0.552734375 0.7802734375 0.08447265625 0.03369140625
0 0.16943359375 0.7802734375 0.08447265625 0.03466796875
0 0.3603515625 0.7802734375 0.08447265625 0.0341796875
0 0.36767578125 0.94775390625 0.068359375 0.03515625
0 0.169921875 0.94873046875 0.0595703125 0.03466796875