1 0.92919921875 0.47802734375 0.087890625 0.0390625
1 0.73828125 0.46533203125 0.09765625 0.041015625
1 0.53125 0.44775390625 0.0625 0.0263671875
1 0.35107421875 0.4326171875 0.087890625 0.0283203125
1 0.15478515625 0.423828125 0.0830078125 0.0390625
1 0.916015625 0.64111328125 0.0869140625 0.048828125
1 0.71337890625 0.6318359375 0.068359375 0.029296875
1 0.5302734375 0.6181640625 0.0869140625 0.0380859375
1 0.33544921875 0.60498046875 0.0791015625 0.02734375
1 0.1455078125 0.587890625 0.08984375 0.0283203125
1 0.13037109375 0.75830078125 0.0849609375 0.0380859375
1 0.32861328125 0.7724609375 0.091796875 0.0400390625
1 0.51953125 0.787109375 0.080078125 0.0263671875
1 0.71435546875 0.80029296875 0.09375 0.0302734375
1 0.90380859375 0.81298828125 0.087890625 0.0380859375
1 0.88525390625 0.9765625 0.0712890625 0.0263671875
1 0.701171875 0.96435546875 0.08984375 0.0400390625
1 0.49853515625 0.94873046875 0.068359375 0.0263671875
1 0.3134765625 0.931640625 0.080078125 0.02734375
1 0.11474609375 0.923828125 0.0751953125 0.037109375
0 0.84033203125 0.470703125 0.083984375 0.0380859375
0 0.646484375 0.45751953125 0.0859375 0.0390625
0 0.45556640625 0.44384765625 0.083984375 0.0380859375
0 0.26123046875 0.42919921875 0.0849609375 0.0380859375
0 0.06787109375 0.4169921875 0.083984375 0.0390625
0 0.05517578125 0.58203125 0.083984375 0.0390625
0 0.2490234375 0.59716796875 0.0849609375 0.037109375
0 0.44140625 0.61083984375 0.083984375 0.0390625
0 0.63232421875 0.6240234375 0.064453125 0.0361328125
0 0.82666015625 0.63720703125 0.0859375 0.037109375
0 0.81298828125 0.802734375 0.0673828125 0.0380859375
0 0.6220703125 0.78955078125 0.06640625 0.0380859375
0 0.42431640625 0.7763671875 0.064453125 0.0380859375
0 0.23486328125 0.76318359375 0.0654296875 0.0390625
0 0.03759765625 0.7490234375 0.0625 0.037109375
0 0.02978515625 0.91552734375 0.0595703125 0.0380859375
0 0.22265625 0.9287109375 0.068359375 0.037109375
0 0.4150390625 0.94287109375 0.068359375 0.037109375
0 0.60791015625 0.95654296875 0.064453125 0.037109375
0 0.80029296875 0.96875 0.0654296875 0.0361328125