1 0.076171875 0.43359375 0.09765625 0.037109375
1 0.07470703125 0.59814453125 0.087890625 0.03125
1 0.27880859375 0.60400390625 0.0634765625 0.0263671875
1 0.28466796875 0.439453125 0.064453125 0.0263671875
1 0.4765625 0.44482421875 0.064453125 0.025390625
1 0.46044921875 0.6103515625 0.0830078125 0.02734375
0 0.16943359375 0.435546875 0.0859375 0.0341796875
0 0.36181640625 0.44189453125 0.0859375 0.03515625
0 0.55419921875 0.44921875 0.0830078125 0.0341796875
0 0.162109375 0.60205078125 0.0859375 0.03515625
0 0.35693359375 0.60888671875 0.0859375 0.03515625
0 0.54931640625 0.61669921875 0.0830078125 0.037109375
1 0.65283203125 0.453125 0.0927734375 0.0380859375
1 0.66015625 0.61328125 0.06640625 0.025390625
1 0.84375 0.6259765625 0.0849609375 0.0361328125
1 0.8515625 0.455078125 0.0693359375 0.0244140625
0 0.7431640625 0.455078125 0.0849609375 0.0341796875
0 0.93359375 0.4609375 0.083984375 0.0341796875
0 0.7392578125 0.6220703125 0.083984375 0.0361328125
0 0.93359375 0.6279296875 0.0830078125 0.0361328125
0 0.92724609375 0.79541015625 0.0849609375 0.0341796875
0 0.92431640625 0.9619140625 0.0703125 0.0341796875
0 0.73486328125 0.7890625 0.0849609375 0.0341796875
0 0.73046875 0.9560546875 0.0693359375 0.033203125
0 0.53955078125 0.94873046875 0.06640625 0.03515625
0 0.54248046875 0.7822265625 0.0830078125 0.0341796875
1 0.45361328125 0.78076171875 0.0908203125 0.0361328125
1 0.6474609375 0.783203125 0.078125 0.02734375
1 0.84228515625 0.7939453125 0.0791015625 0.025390625
1 0.837890625 0.9580078125 0.0751953125 0.025390625
1 0.642578125 0.95166015625 0.0810546875 0.02734375
1 0.4521484375 0.94677734375 0.0791015625 0.0361328125
0 0.15625 0.76953125 0.0859375 0.0361328125
0 0.3505859375 0.7763671875 0.064453125 0.0361328125
0 0.34423828125 0.9423828125 0.0732421875 0.0361328125
0 0.15380859375 0.93603515625 0.0693359375 0.0341796875
1 0.07373046875 0.767578125 0.0751953125 0.0263671875
1 0.2587890625 0.7734375 0.0908203125 0.037109375
1 0.26025390625 0.939453125 0.0810546875 0.025390625
1 0.06689453125 0.9326171875 0.076171875 0.0263671875