1 0.9140625 0.44482421875 0.064453125 0.025390625
1 0.7333984375 0.44970703125 0.08984375 0.03515625
1 0.53857421875 0.44775390625 0.087890625 0.03515625
1 0.33642578125 0.44482421875 0.06640625 0.0234375
1 0.1396484375 0.4453125 0.0625 0.0234375
1 0.14599609375 0.6123046875 0.0771484375 0.0224609375
1 0.3466796875 0.61376953125 0.0859375 0.0244140625
1 0.52685546875 0.609375 0.0625 0.0234375
1 0.7236328125 0.6162109375 0.072265625 0.033203125
1 0.9150390625 0.61376953125 0.06640625 0.0234375
1 0.92626953125 0.7822265625 0.08984375 0.033203125
1 0.72021484375 0.7802734375 0.0625 0.0244140625
1 0.53662109375 0.78466796875 0.08203125 0.03515625
1 0.34228515625 0.78125 0.07421875 0.02734375
1 0.140625 0.77978515625 0.064453125 0.0244140625
1 0.1455078125 0.94775390625 0.076171875 0.0244140625
1 0.33984375 0.9462890625 0.076171875 0.0244140625
1 0.5361328125 0.94580078125 0.08203125 0.0234375
1 0.73291015625 0.947265625 0.087890625 0.025390625
1 0.92724609375 0.947265625 0.087890625 0.0341796875
0 0.83544921875 0.447265625 0.083984375 0.033203125
0 0.642578125 0.4462890625 0.083984375 0.033203125
0 0.44921875 0.447265625 0.083984375 0.0322265625
0 0.25732421875 0.44677734375 0.0810546875 0.0341796875
0 0.06298828125 0.4462890625 0.083984375 0.033203125
0 0.83740234375 0.61376953125 0.064453125 0.033203125
0 0.64208984375 0.61376953125 0.08203125 0.0341796875
0 0.44970703125 0.6142578125 0.08203125 0.03515625
0 0.25634765625 0.61376953125 0.080078125 0.0322265625
0 0.0615234375 0.61279296875 0.08203125 0.03515625
0 0.0595703125 0.78076171875 0.0625 0.03515625
0 0.2568359375 0.78076171875 0.08203125 0.03515625
0 0.44921875 0.7802734375 0.08203125 0.033203125
0 0.6416015625 0.78076171875 0.0830078125 0.03515625
0 0.83447265625 0.77978515625 0.06640625 0.0361328125
0 0.83642578125 0.947265625 0.083984375 0.033203125
0 0.6435546875 0.94677734375 0.0654296875 0.0341796875
0 0.4453125 0.94775390625 0.06640625 0.03515625
0 0.25634765625 0.94775390625 0.0810546875 0.033203125
0 0.06103515625 0.94677734375 0.068359375 0.033203125