1 0.07275390625 0.25048828125 0.08203125 0.0361328125
1 0.2705078125 0.24267578125 0.0751953125 0.03515625
1 0.4541015625 0.23974609375 0.091796875 0.0244140625
1 0.0771484375 0.412109375 0.080078125 0.025390625
1 0.26953125 0.41162109375 0.080078125 0.025390625
1 0.46875 0.41162109375 0.0712890625 0.03515625
1 0.6572265625 0.2373046875 0.0751953125 0.0380859375
1 0.85009765625 0.23291015625 0.078125 0.0361328125
1 0.6630859375 0.400390625 0.0673828125 0.0234375
1 0.8447265625 0.400390625 0.0947265625 0.025390625
1 0.8515625 0.56494140625 0.083984375 0.02734375
1 0.6611328125 0.57421875 0.080078125 0.0244140625
1 0.46875 0.57763671875 0.076171875 0.0361328125
1 0.07861328125 0.58056640625 0.083984375 0.044921875
1 0.2705078125 0.57666015625 0.0859375 0.03515625
1 0.08984375 0.74853515625 0.0673828125 0.02734375
1 0.2705078125 0.7392578125 0.0908203125 0.0263671875
1 0.46826171875 0.7412109375 0.0830078125 0.0263671875
1 0.66015625 0.740234375 0.0869140625 0.0380859375
1 0.8583984375 0.73583984375 0.0751953125 0.037109375
0 0.94189453125 0.7353515625 0.08203125 0.0341796875
0 0.75244140625 0.7392578125 0.0703125 0.0341796875
0 0.5576171875 0.7421875 0.06640625 0.0341796875
0 0.943359375 0.5673828125 0.06640625 0.033203125
0 0.74755859375 0.57080078125 0.0625 0.03515625
0 0.55224609375 0.5751953125 0.0849609375 0.033203125
0 0.16552734375 0.58056640625 0.08203125 0.0322265625
0 0.35888671875 0.57763671875 0.0830078125 0.0322265625
0 0.36376953125 0.74560546875 0.06640625 0.0322265625
0 0.17041015625 0.7490234375 0.0654296875 0.033203125
0 0.1669921875 0.4150390625 0.060546875 0.0341796875
0 0.359375 0.4111328125 0.0654296875 0.033203125
0 0.55078125 0.40673828125 0.06640625 0.033203125
0 0.1640625 0.2470703125 0.064453125 0.033203125
0 0.353515625 0.2431640625 0.083984375 0.033203125
0 0.5498046875 0.240234375 0.0703125 0.0322265625
0 0.74267578125 0.236328125 0.06640625 0.0322265625
0 0.93701171875 0.23291015625 0.068359375 0.0322265625
0 0.7451171875 0.40380859375 0.0615234375 0.033203125
0 0.9423828125 0.400390625 0.0634765625 0.0341796875