1 0.9267578125 0.2529296875 0.0751953125 0.02734375
1 0.9208984375 0.42578125 0.07421875 0.037109375
1 0.7373046875 0.2490234375 0.08203125 0.0380859375
1 0.732421875 0.41552734375 0.08203125 0.0263671875
1 0.54345703125 0.240234375 0.080078125 0.0244140625
1 0.541015625 0.4111328125 0.08984375 0.0390625
1 0.34423828125 0.2353515625 0.068359375 0.025390625
1 0.33837890625 0.39794921875 0.06640625 0.0263671875
1 0.14501953125 0.39208984375 0.0693359375 0.0244140625
1 0.15478515625 0.22900390625 0.0751953125 0.0361328125
1 0.14697265625 0.56494140625 0.0849609375 0.03515625
1 0.13720703125 0.73095703125 0.076171875 0.0361328125
1 0.3359375 0.73828125 0.0859375 0.03515625
1 0.33984375 0.57080078125 0.080078125 0.02734375
1 0.91796875 0.58935546875 0.0810546875 0.046875
1 0.72607421875 0.58203125 0.08203125 0.0380859375
1 0.53515625 0.578125 0.0830078125 0.0361328125
1 0.52783203125 0.744140625 0.0849609375 0.037109375
1 0.71533203125 0.75146484375 0.0712890625 0.03515625
1 0.90478515625 0.755859375 0.064453125 0.02734375
0 0.83935546875 0.25244140625 0.064453125 0.0361328125
0 0.6474609375 0.24560546875 0.0634765625 0.037109375
0 0.45556640625 0.23876953125 0.0673828125 0.03515625
0 0.4501953125 0.40576171875 0.0693359375 0.0361328125
0 0.64306640625 0.4130859375 0.0693359375 0.037109375
0 0.83544921875 0.42041015625 0.0634765625 0.0361328125
0 0.25927734375 0.23193359375 0.06640625 0.037109375
0 0.0703125 0.2255859375 0.068359375 0.0341796875
0 0.25634765625 0.39892578125 0.0615234375 0.03515625
0 0.05908203125 0.39208984375 0.064453125 0.0361328125
0 0.25390625 0.5673828125 0.0849609375 0.03515625
0 0.056640625 0.5595703125 0.0693359375 0.03515625
0 0.24609375 0.73388671875 0.0693359375 0.03515625
0 0.05419921875 0.7265625 0.0849609375 0.037109375
0 0.443359375 0.5732421875 0.0654296875 0.03515625
0 0.44091796875 0.74072265625 0.0849609375 0.0361328125
0 0.64013671875 0.580078125 0.083984375 0.0341796875
0 0.63427734375 0.74755859375 0.0830078125 0.0361328125
0 0.8232421875 0.75341796875 0.0634765625 0.0361328125
0 0.8271484375 0.58544921875 0.0615234375 0.03515625