1 0.08642578125 0.4931640625 0.0654296875 0.02587890625
1 0.26806640625 0.49951171875 0.083984375 0.03466796875
1 0.47119140625 0.49365234375 0.06591796875 0.02734375
1 0.66015625 0.4951171875 0.07275390625 0.025390625
1 0.07763671875 0.6806640625 0.078125 0.03515625
1 0.2744140625 0.68115234375 0.0732421875 0.03564453125
1 0.47216796875 0.6787109375 0.06494140625 0.02685546875
1 0.65478515625 0.677734375 0.080078125 0.03759765625
1 0.8525390625 0.498046875 0.07763671875 0.03662109375
1 0.84765625 0.6806640625 0.0888671875 0.03515625
1 0.8525390625 0.85986328125 0.0771484375 0.0263671875
1 0.650390625 0.861328125 0.08984375 0.0341796875
1 0.47119140625 0.85791015625 0.06591796875 0.02392578125
1 0.27392578125 0.8544921875 0.07080078125 0.02392578125
1 0.07666015625 0.85986328125 0.0830078125 0.037109375
0 0.1640625 0.4970703125 0.08447265625 0.0341796875
0 0.3564453125 0.49755859375 0.083984375 0.03369140625
0 0.55078125 0.49658203125 0.08447265625 0.0341796875
0 0.7431640625 0.49658203125 0.0859375 0.03515625
0 0.93798828125 0.49755859375 0.08349609375 0.0341796875
0 0.9404296875 0.6767578125 0.07373046875 0.0322265625
0 0.7431640625 0.67822265625 0.08154296875 0.0341796875
0 0.55126953125 0.677734375 0.08251953125 0.03466796875
0 0.35693359375 0.67822265625 0.08203125 0.03466796875
0 0.16455078125 0.677734375 0.08349609375 0.0322265625
0 0.1630859375 0.85986328125 0.08203125 0.0322265625
0 0.357421875 0.85986328125 0.08251953125 0.03369140625
0 0.55078125 0.85986328125 0.08203125 0.0322265625
0 0.74365234375 0.85888671875 0.08203125 0.03271484375
0 0.9384765625 0.8583984375 0.083984375 0.03369140625