1 0.93212890625 0.255859375 0.09765625 0.029296875
1 0.73291015625 0.2509765625 0.0810546875 0.03515625
1 0.45849609375 0.18896484375 0.0517578125 0.05859375
1 0.3447265625 0.24853515625 0.091796875 0.02734375
1 0.1484375 0.23681640625 0.0830078125 0.0380859375
1 0.15234375 0.412109375 0.103515625 0.0263671875
1 0.32958984375 0.41552734375 0.068359375 0.0263671875
1 0.52001953125 0.4130859375 0.052734375 0.0263671875
1 0.90576171875 0.41943359375 0.0693359375 0.037109375
1 0.63916015625 0.375 0.076171875 0.033203125
1 0.64404296875 0.52880859375 0.060546875 0.0576171875
1 0.9111328125 0.59228515625 0.0869140625 0.02734375
1 0.533203125 0.58203125 0.0986328125 0.0380859375
1 0.24462890625 0.529296875 0.0400390625 0.0478515625
1 0.142578125 0.5615234375 0.0888671875 0.025390625
1 0.91064453125 0.75048828125 0.0908203125 0.037109375
1 0.720703125 0.74658203125 0.0869140625 0.037109375
1 0.42236328125 0.6904296875 0.05078125 0.0546875
1 0.087890625 0.68701171875 0.0859375 0.048828125
0 0.0712890625 0.7333984375 0.109375 0.037109375
0 0.626953125 0.7451171875 0.0673828125 0.0380859375
0 0.45458984375 0.73974609375 0.1083984375 0.0361328125
0 0.8193359375 0.74755859375 0.06640625 0.037109375
0 0.82763671875 0.4169921875 0.0703125 0.03515625
0 0.82177734375 0.5859375 0.0634765625 0.0380859375
0 0.63720703125 0.5810546875 0.0830078125 0.0361328125
0 0.63525390625 0.4140625 0.064453125 0.037109375
0 0.44775390625 0.40966796875 0.0830078125 0.03515625
0 0.4375 0.57861328125 0.0673828125 0.037109375
0 0.2490234375 0.4072265625 0.06640625 0.0380859375
0 0.2470703125 0.5751953125 0.06640625 0.037109375
0 0.0556640625 0.57177734375 0.0673828125 0.037109375
0 0.056640625 0.40380859375 0.0654296875 0.03515625
0 0.0595703125 0.236328125 0.0625 0.037109375
0 0.25146484375 0.2392578125 0.0654296875 0.037109375
0 0.8369140625 0.24951171875 0.0830078125 0.033203125
0 0.64306640625 0.24609375 0.083984375 0.037109375
0 0.44384765625 0.24267578125 0.06640625 0.0361328125