1 0.09912109375 0.2236328125 0.0634765625 0.041015625
1 0.28759765625 0.2314453125 0.076171875 0.03125
1 0.4765625 0.24267578125 0.08203125 0.0390625
1 0.083984375 0.3896484375 0.078125 0.0400390625
1 0.27978515625 0.39990234375 0.0771484375 0.0380859375
1 0.4716796875 0.40966796875 0.080078125 0.0400390625
1 0.66650390625 0.25244140625 0.091796875 0.0400390625
1 0.8583984375 0.26318359375 0.09375 0.03515625
1 0.6669921875 0.421875 0.0732421875 0.0390625
1 0.85302734375 0.4296875 0.08984375 0.0400390625
1 0.08056640625 0.55126953125 0.0712890625 0.02734375
1 0.26904296875 0.56103515625 0.0791015625 0.03125
1 0.068359375 0.7236328125 0.078125 0.041015625
1 0.255859375 0.732421875 0.0869140625 0.0400390625
1 0.45263671875 0.57861328125 0.1015625 0.0380859375
1 0.43408203125 0.7431640625 0.0791015625 0.0380859375
1 0.65771484375 0.587890625 0.0712890625 0.0380859375
1 0.6142578125 0.7451171875 0.0419921875 0.056640625
1 0.84521484375 0.591796875 0.0859375 0.029296875
1 0.81640625 0.7626953125 0.0810546875 0.0390625
0 0.18017578125 0.2255859375 0.0712890625 0.0361328125
0 0.376953125 0.23583984375 0.06640625 0.037109375
0 0.5654296875 0.24462890625 0.0712890625 0.0380859375
0 0.171875 0.39306640625 0.0732421875 0.0400390625
0 0.3662109375 0.40185546875 0.0654296875 0.0380859375
0 0.5625 0.41259765625 0.0634765625 0.037109375
0 0.75634765625 0.25634765625 0.083984375 0.0380859375
0 0.955078125 0.26611328125 0.0654296875 0.037109375
0 0.7509765625 0.42236328125 0.068359375 0.0361328125
0 0.9482421875 0.43359375 0.0654296875 0.037109375
0 0.93701171875 0.60009765625 0.0703125 0.0361328125
0 0.740234375 0.58837890625 0.0712890625 0.0361328125
0 0.546875 0.57861328125 0.0849609375 0.0380859375
0 0.3564453125 0.5693359375 0.0751953125 0.0361328125
0 0.166015625 0.55810546875 0.0693359375 0.0380859375
0 0.15185546875 0.7255859375 0.0859375 0.0361328125
0 0.34423828125 0.73583984375 0.0830078125 0.0390625
0 0.52783203125 0.7451171875 0.1044921875 0.0400390625
0 0.705078125 0.7548828125 0.1396484375 0.0390625
0 0.91357421875 0.7646484375 0.10546875 0.0390625