1 0.923828125 0.43408203125 0.078125 0.037109375
1 0.72509765625 0.4404296875 0.07421875 0.037109375
1 0.5302734375 0.4443359375 0.0712890625 0.03515625
1 0.53173828125 0.61767578125 0.0673828125 0.03515625
1 0.7353515625 0.611328125 0.08984375 0.0361328125
1 0.9306640625 0.60595703125 0.0927734375 0.0283203125
1 0.3408203125 0.45068359375 0.080078125 0.046875
1 0.14697265625 0.45751953125 0.0791015625 0.0361328125
1 0.158203125 0.62060546875 0.095703125 0.0390625
1 0.33984375 0.619140625 0.0634765625 0.0361328125
1 0.34130859375 0.77978515625 0.0693359375 0.0380859375
1 0.1484375 0.791015625 0.078125 0.03515625
1 0.1591796875 0.96044921875 0.078125 0.0224609375
1 0.349609375 0.9482421875 0.07421875 0.0390625
1 0.5419921875 0.77685546875 0.083984375 0.03515625
1 0.53955078125 0.9541015625 0.0869140625 0.0244140625
1 0.7294921875 0.94384765625 0.083984375 0.037109375
1 0.728515625 0.7841796875 0.072265625 0.0244140625
1 0.9306640625 0.77099609375 0.087890625 0.0361328125
1 0.92431640625 0.93896484375 0.0693359375 0.0361328125
0 0.830078125 0.44140625 0.0849609375 0.03515625
0 0.638671875 0.44482421875 0.083984375 0.0341796875
0 0.4453125 0.4482421875 0.0849609375 0.0341796875
0 0.83349609375 0.60888671875 0.08203125 0.033203125
0 0.6416015625 0.6123046875 0.0830078125 0.0341796875
0 0.44921875 0.61572265625 0.083984375 0.03515625
0 0.2568359375 0.61767578125 0.0849609375 0.033203125
0 0.064453125 0.62109375 0.0859375 0.0361328125
0 0.25390625 0.451171875 0.083984375 0.033203125
0 0.06103515625 0.4541015625 0.0830078125 0.0341796875
0 0.0595703125 0.7880859375 0.0634765625 0.0341796875
0 0.07080078125 0.9541015625 0.08203125 0.0341796875
0 0.25927734375 0.78564453125 0.0830078125 0.0361328125
0 0.26318359375 0.95263671875 0.0859375 0.0361328125
0 0.4453125 0.94970703125 0.064453125 0.037109375
0 0.4521484375 0.78125 0.0849609375 0.03515625
0 0.83544921875 0.7744140625 0.0849609375 0.0361328125
0 0.64453125 0.77783203125 0.0849609375 0.0361328125
0 0.64013671875 0.9453125 0.0693359375 0.0361328125
0 0.837890625 0.94287109375 0.060546875 0.0361328125