1 0.08837890625 0.49609375 0.0654296875 0.0244140625
1 0.27734375 0.49951171875 0.07568359375 0.03515625
1 0.46484375 0.49853515625 0.08544921875 0.0361328125
1 0.6572265625 0.49609375 0.07763671875 0.0361328125
1 0.8544921875 0.49267578125 0.06689453125 0.02587890625
1 0.07421875 0.6796875 0.08984375 0.0341796875
1 0.28076171875 0.67724609375 0.06494140625 0.02685546875
1 0.46630859375 0.67919921875 0.07958984375 0.03564453125
1 0.654296875 0.67919921875 0.083984375 0.03466796875
1 0.85693359375 0.6728515625 0.06884765625 0.0244140625
0 0.1669921875 0.49755859375 0.08544921875 0.03271484375
0 0.3603515625 0.498046875 0.08740234375 0.03564453125
0 0.55224609375 0.498046875 0.08544921875 0.0341796875
0 0.744140625 0.498046875 0.08349609375 0.03466796875
0 0.9375 0.4970703125 0.083984375 0.03271484375
0 0.9375 0.67822265625 0.083984375 0.03173828125
0 0.7431640625 0.67822265625 0.083984375 0.03173828125
0 0.5517578125 0.67919921875 0.08447265625 0.03369140625
0 0.3603515625 0.6787109375 0.08544921875 0.033203125
0 0.16455078125 0.6787109375 0.0791015625 0.03369140625
0 0.1669921875 0.85986328125 0.0859375 0.033203125
0 0.35986328125 0.8603515625 0.08447265625 0.033203125
0 0.55126953125 0.86083984375 0.08349609375 0.03515625
0 0.7451171875 0.85986328125 0.083984375 0.03271484375
0 0.93798828125 0.859375 0.07958984375 0.0322265625
1 0.08251953125 0.85888671875 0.0712890625 0.0224609375
1 0.26806640625 0.859375 0.091796875 0.03515625
1 0.46728515625 0.8564453125 0.07373046875 0.02587890625
1 0.65478515625 0.8603515625 0.08251953125 0.02392578125
1 0.859375 0.85546875 0.06494140625 0.0244140625