1 0.08642578125 0.50048828125 0.0654296875 0.0263671875
1 0.27294921875 0.50048828125 0.0859375 0.0390625
1 0.4755859375 0.4912109375 0.06640625 0.029296875
1 0.65625 0.49267578125 0.080078125 0.0390625
1 0.86083984375 0.4853515625 0.0625 0.0263671875
1 0.08984375 0.68212890625 0.0634765625 0.02734375
1 0.275390625 0.67724609375 0.08203125 0.029296875
1 0.46630859375 0.6806640625 0.0888671875 0.037109375
1 0.65673828125 0.67626953125 0.08203125 0.037109375
1 0.857421875 0.66552734375 0.0732421875 0.02734375
1 0.091796875 0.8681640625 0.068359375 0.02734375
1 0.275390625 0.86279296875 0.091796875 0.0361328125
1 0.46875 0.859375 0.091796875 0.037109375
1 0.65966796875 0.8525390625 0.0869140625 0.0302734375
1 0.85791015625 0.849609375 0.078125 0.0302734375
0 0.16650390625 0.50390625 0.0869140625 0.0361328125
0 0.3603515625 0.5 0.087890625 0.0361328125
0 0.552734375 0.4970703125 0.0849609375 0.0361328125
0 0.7421875 0.49365234375 0.0869140625 0.03515625
0 0.93798828125 0.490234375 0.083984375 0.0361328125
0 0.1689453125 0.68505859375 0.0908203125 0.037109375
0 0.3623046875 0.681640625 0.0888671875 0.037109375
0 0.55517578125 0.67822265625 0.0830078125 0.03515625
0 0.7451171875 0.6748046875 0.08984375 0.03515625
0 0.93994140625 0.6708984375 0.083984375 0.0361328125
0 0.17236328125 0.86572265625 0.0849609375 0.033203125
0 0.36669921875 0.86279296875 0.0830078125 0.03515625
0 0.5576171875 0.859375 0.0810546875 0.03515625
0 0.74853515625 0.85595703125 0.083984375 0.03515625
0 0.94384765625 0.8515625 0.087890625 0.0341796875