1 0.8916015625 0.20458984375 0.0703125 0.033203125
1 0.69970703125 0.22412109375 0.07421875 0.04296875
1 0.50439453125 0.23779296875 0.0673828125 0.0322265625
0 0.810546875 0.21484375 0.0673828125 0.0400390625
0 0.61962890625 0.232421875 0.0859375 0.041015625
0 0.42822265625 0.24951171875 0.083984375 0.041015625
0 0.23583984375 0.265625 0.0859375 0.041015625
0 0.04248046875 0.283203125 0.0849609375 0.041015625
1 0.318359375 0.25537109375 0.0791015625 0.033203125
1 0.12646484375 0.2763671875 0.08203125 0.0322265625
1 0.90966796875 0.376953125 0.0751953125 0.03125
1 0.71875 0.39208984375 0.0810546875 0.041015625
1 0.51806640625 0.40625 0.064453125 0.03125
0 0.82421875 0.38134765625 0.0673828125 0.0400390625
0 0.6337890625 0.3984375 0.0654296875 0.0400390625
0 0.43798828125 0.4150390625 0.068359375 0.0390625
0 0.24853515625 0.4326171875 0.0693359375 0.0390625
0 0.0537109375 0.44873046875 0.0693359375 0.0400390625
1 0.32861328125 0.423828125 0.072265625 0.03125
1 0.13916015625 0.43896484375 0.078125 0.033203125
1 0.15673828125 0.6044921875 0.0849609375 0.0322265625
1 0.34521484375 0.58935546875 0.068359375 0.03125
1 0.54248046875 0.5751953125 0.068359375 0.033203125
1 0.55615234375 0.73974609375 0.0830078125 0.044921875
1 0.36572265625 0.75341796875 0.0859375 0.052734375
1 0.1708984375 0.775390625 0.08203125 0.0400390625
0 0.06640625 0.61572265625 0.072265625 0.0400390625
0 0.2626953125 0.599609375 0.06640625 0.0390625
0 0.45556640625 0.58251953125 0.068359375 0.0400390625
0 0.4716796875 0.74853515625 0.06640625 0.0390625
0 0.2744140625 0.765625 0.0712890625 0.0400390625
0 0.08544921875 0.78271484375 0.083984375 0.0419921875
0 0.646484375 0.56494140625 0.0712890625 0.0390625
0 0.837890625 0.54833984375 0.072265625 0.0400390625
0 0.85205078125 0.71533203125 0.0703125 0.0390625
0 0.66357421875 0.7314453125 0.0859375 0.0419921875
1 0.927734375 0.53955078125 0.083984375 0.033203125
1 0.73583984375 0.55908203125 0.083984375 0.041015625
1 0.93603515625 0.70703125 0.064453125 0.0302734375
1 0.7412109375 0.7236328125 0.0634765625 0.033203125