1 0.91796875 0.23828125 0.07421875 0.025390625
1 0.91796875 0.4111328125 0.0732421875 0.0341796875
1 0.728515625 0.24072265625 0.0810546875 0.03515625
1 0.7294921875 0.4072265625 0.08203125 0.0234375
1 0.5341796875 0.23876953125 0.080078125 0.021484375
1 0.5380859375 0.40966796875 0.0888671875 0.03515625
1 0.3349609375 0.24072265625 0.068359375 0.0234375
1 0.3349609375 0.40380859375 0.06640625 0.0244140625
1 0.1416015625 0.404296875 0.068359375 0.0224609375
1 0.1455078125 0.2412109375 0.07421875 0.033203125
1 0.1494140625 0.5771484375 0.083984375 0.0322265625
1 0.1455078125 0.74365234375 0.07421875 0.033203125
1 0.34423828125 0.74365234375 0.083984375 0.0322265625
1 0.34228515625 0.576171875 0.080078125 0.0244140625
1 0.9208984375 0.57470703125 0.080078125 0.0439453125
1 0.72900390625 0.57421875 0.080078125 0.03515625
1 0.5380859375 0.57666015625 0.08203125 0.033203125
1 0.5361328125 0.7431640625 0.083984375 0.03515625
1 0.72412109375 0.74365234375 0.0703125 0.033203125
1 0.91357421875 0.74169921875 0.0634765625 0.025390625
0 0.83056640625 0.24072265625 0.0634765625 0.0341796875
0 0.638671875 0.24072265625 0.0625 0.03515625
0 0.4462890625 0.24072265625 0.06640625 0.033203125
0 0.44677734375 0.40771484375 0.068359375 0.0341796875
0 0.64013671875 0.408203125 0.068359375 0.03515625
0 0.83251953125 0.40869140625 0.0625 0.0341796875
0 0.25 0.24072265625 0.064453125 0.03515625
0 0.06103515625 0.24072265625 0.0673828125 0.0322265625
0 0.2529296875 0.40771484375 0.060546875 0.033203125
0 0.0556640625 0.40771484375 0.0625 0.0341796875
0 0.25634765625 0.576171875 0.083984375 0.033203125
0 0.05908203125 0.5751953125 0.068359375 0.033203125
0 0.25439453125 0.74267578125 0.068359375 0.033203125
0 0.0625 0.7421875 0.083984375 0.03515625
0 0.44580078125 0.5751953125 0.064453125 0.033203125
0 0.44921875 0.74267578125 0.083984375 0.033203125
0 0.64306640625 0.5751953125 0.0830078125 0.03125
0 0.64306640625 0.74267578125 0.08203125 0.033203125
0 0.83203125 0.7421875 0.0625 0.033203125
0 0.830078125 0.57421875 0.060546875 0.033203125