1 0.09033203125 0.2294921875 0.0673828125 0.0263671875
1 0.27783203125 0.23681640625 0.0771484375 0.0244140625
1 0.0771484375 0.40087890625 0.0869140625 0.03515625
1 0.271484375 0.40185546875 0.08203125 0.025390625
1 0.47216796875 0.3994140625 0.056640625 0.0380859375
1 0.666015625 0.24365234375 0.0751953125 0.0361328125
1 0.66357421875 0.41015625 0.072265625 0.0263671875
1 0.85888671875 0.41357421875 0.072265625 0.0380859375
1 0.8525390625 0.24853515625 0.083984375 0.0263671875
1 0.8466796875 0.5810546875 0.0908203125 0.037109375
1 0.93505859375 0.65771484375 0.060546875 0.0673828125
1 0.65966796875 0.7470703125 0.06640625 0.025390625
1 0.65234375 0.57861328125 0.08984375 0.02734375
1 0.46337890625 0.57421875 0.0810546875 0.02734375
1 0.45166015625 0.7392578125 0.1015625 0.0458984375
1 0.2763671875 0.57373046875 0.0703125 0.025390625
1 0.07763671875 0.56787109375 0.08203125 0.03515625
1 0.07421875 0.7373046875 0.0810546875 0.0361328125
1 0.26220703125 0.73681640625 0.08984375 0.0302734375
0 0.16845703125 0.23583984375 0.083984375 0.033203125
0 0.36181640625 0.23876953125 0.0859375 0.033203125
0 0.16552734375 0.40283203125 0.0654296875 0.03515625
0 0.3583984375 0.40673828125 0.0654296875 0.03515625
0 0.54638671875 0.4052734375 0.06640625 0.0341796875
0 0.74853515625 0.24609375 0.0849609375 0.0341796875
0 0.9423828125 0.25 0.083984375 0.0341796875
0 0.74755859375 0.4130859375 0.064453125 0.0341796875
0 0.94189453125 0.41650390625 0.0654296875 0.03515625
0 0.935546875 0.5830078125 0.083984375 0.03515625
0 0.92041015625 0.75048828125 0.111328125 0.0341796875
0 0.7451171875 0.580078125 0.0654296875 0.033203125
0 0.74267578125 0.74755859375 0.06640625 0.0361328125
0 0.5517578125 0.5771484375 0.064453125 0.033203125
0 0.54541015625 0.74462890625 0.083984375 0.0341796875
0 0.35595703125 0.7412109375 0.068359375 0.0341796875
0 0.35791015625 0.5732421875 0.0693359375 0.033203125
0 0.16650390625 0.5693359375 0.06640625 0.03515625
0 0.16162109375 0.73681640625 0.06640625 0.03515625