1 0.06103515625 0.27490234375 0.0830078125 0.041015625
1 0.251953125 0.25341796875 0.0849609375 0.02734375
1 0.44921875 0.24365234375 0.0791015625 0.0283203125
1 0.64111328125 0.2333984375 0.080078125 0.0380859375
1 0.8359375 0.21630859375 0.07421875 0.0283203125
0 0.9208984375 0.21240234375 0.0693359375 0.0380859375
0 0.73046875 0.2255859375 0.0673828125 0.0380859375
0 0.53857421875 0.2392578125 0.0634765625 0.037109375
0 0.3447265625 0.2529296875 0.064453125 0.0380859375
0 0.15234375 0.2666015625 0.0654296875 0.0390625
1 0.07275390625 0.439453125 0.08203125 0.0390625
1 0.2734375 0.423828125 0.0654296875 0.029296875
1 0.46240234375 0.408203125 0.0712890625 0.02734375
1 0.83837890625 0.3876953125 0.0966796875 0.0390625
0 0.93017578125 0.37939453125 0.083984375 0.0380859375
0 0.54736328125 0.40673828125 0.0703125 0.0380859375
0 0.16259765625 0.43359375 0.06640625 0.037109375
0 0.35595703125 0.419921875 0.0625 0.0380859375
1 0.0888671875 0.60791015625 0.0732421875 0.029296875
1 0.2744140625 0.59423828125 0.08984375 0.0390625
1 0.4697265625 0.576171875 0.083984375 0.0283203125
0 0.1767578125 0.599609375 0.064453125 0.0380859375
0 0.36865234375 0.58642578125 0.06640625 0.0390625
0 0.5576171875 0.57373046875 0.064453125 0.0380859375
0 0.75146484375 0.560546875 0.064453125 0.0380859375
0 0.94384765625 0.54638671875 0.072265625 0.0390625
1 0.65478515625 0.56689453125 0.1005859375 0.0419921875
1 0.8525390625 0.5537109375 0.0908203125 0.029296875
1 0.84765625 0.7216796875 0.072265625 0.037109375
1 0.763671875 0.68115234375 0.0625 0.0263671875
1 0.2890625 0.759765625 0.083984375 0.041015625
1 0.09912109375 0.77490234375 0.0771484375 0.0390625
0 0.18212890625 0.76806640625 0.0849609375 0.0390625
0 0.37548828125 0.75390625 0.0849609375 0.0390625
0 0.73974609375 0.72412109375 0.109375 0.0390625
0 0.9423828125 0.71435546875 0.1064453125 0.041015625