1 0.0791015625 0.2421875 0.07763671875 0.03564453125
1 0.27587890625 0.23876953125 0.0703125 0.02490234375
1 0.46240234375 0.24267578125 0.08837890625 0.02294921875
1 0.7353515625 0.17822265625 0.07421875 0.03271484375
1 0.8544921875 0.2392578125 0.07421875 0.02294921875
1 0.85107421875 0.4091796875 0.083984375 0.0439453125
1 0.47265625 0.40625 0.064453125 0.02294921875
1 0.26708984375 0.40625 0.0869140625 0.025390625
1 0.078125 0.4091796875 0.07958984375 0.0244140625
1 0.078125 0.576171875 0.07958984375 0.03271484375
1 0.26953125 0.578125 0.08203125 0.03173828125
1 0.46630859375 0.57373046875 0.07861328125 0.0234375
1 0.65625 0.57666015625 0.0849609375 0.02294921875
1 0.85888671875 0.57373046875 0.0654296875 0.02392578125
1 0.951171875 0.6630859375 0.06201171875 0.0654296875
1 0.6396484375 0.74365234375 0.0703125 0.03369140625
1 0.46875 0.74169921875 0.07275390625 0.0224609375
1 0.27392578125 0.74169921875 0.076171875 0.0234375
1 0.07666015625 0.7421875 0.0859375 0.02490234375
0 0.16845703125 0.24365234375 0.06689453125 0.03173828125
0 0.361328125 0.24365234375 0.0625 0.03173828125
0 0.55224609375 0.24365234375 0.06787109375 0.0322265625
0 0.7548828125 0.24267578125 0.0595703125 0.03271484375
0 0.93896484375 0.2431640625 0.06787109375 0.03271484375
0 0.93798828125 0.41064453125 0.08203125 0.0322265625
0 0.74560546875 0.41064453125 0.0625 0.03173828125
1 0.65576171875 0.404296875 0.0849609375 0.02392578125
0 0.552734375 0.4111328125 0.0654296875 0.03271484375
0 0.361328125 0.4111328125 0.06298828125 0.033203125
0 0.16845703125 0.41064453125 0.064453125 0.0322265625
0 0.1650390625 0.57666015625 0.08056640625 0.03125
0 0.365234375 0.5771484375 0.06298828125 0.03125
0 0.5537109375 0.57763671875 0.06201171875 0.03173828125
0 0.74658203125 0.5771484375 0.06201171875 0.0322265625
0 0.94140625 0.5771484375 0.06689453125 0.033203125
0 0.92529296875 0.74462890625 0.10595703125 0.03125
0 0.7314453125 0.74462890625 0.10693359375 0.03125
0 0.55029296875 0.74560546875 0.0625 0.03271484375
0 0.357421875 0.74462890625 0.08154296875 0.0302734375
0 0.166015625 0.74462890625 0.06640625 0.03173828125