1 0.07177734375 0.24267578125 0.091796875 0.0234375
1 0.0810546875 0.4091796875 0.0751953125 0.0341796875
1 0.265625 0.40673828125 0.09228515625 0.025390625
1 0.26318359375 0.2421875 0.0966796875 0.0361328125
1 0.4658203125 0.24365234375 0.0791015625 0.033203125
1 0.46435546875 0.40869140625 0.08251953125 0.02587890625
1 0.65966796875 0.24072265625 0.078125 0.0234375
1 0.84716796875 0.2421875 0.0888671875 0.02490234375
1 0.654296875 0.40673828125 0.0888671875 0.025390625
1 0.8583984375 0.4052734375 0.06787109375 0.0244140625
1 0.08349609375 0.57666015625 0.0703125 0.02294921875
1 0.2626953125 0.57568359375 0.09765625 0.03271484375
1 0.07958984375 0.74609375 0.078125 0.0224609375
1 0.27294921875 0.74267578125 0.0751953125 0.02685546875
1 0.46533203125 0.57763671875 0.0830078125 0.033203125
1 0.4638671875 0.74462890625 0.08203125 0.03466796875
1 0.65380859375 0.5791015625 0.09033203125 0.03662109375
1 0.65478515625 0.74609375 0.08544921875 0.033203125
1 0.85205078125 0.744140625 0.07958984375 0.02783203125
1 0.84912109375 0.57958984375 0.0849609375 0.02734375
0 0.169921875 0.2421875 0.06396484375 0.03466796875
0 0.36279296875 0.24267578125 0.06396484375 0.03466796875
0 0.55224609375 0.24267578125 0.0654296875 0.03369140625
0 0.16845703125 0.40966796875 0.05810546875 0.033203125
0 0.361328125 0.40966796875 0.06298828125 0.03564453125
0 0.55078125 0.40966796875 0.0703125 0.03125
0 0.7490234375 0.24267578125 0.064453125 0.03466796875
0 0.9384765625 0.2431640625 0.068359375 0.03271484375
0 0.74560546875 0.41064453125 0.06591796875 0.03466796875
0 0.94189453125 0.41015625 0.06298828125 0.03466796875
0 0.75 0.5771484375 0.0634765625 0.03369140625
0 0.9423828125 0.5771484375 0.0654296875 0.03271484375
0 0.93798828125 0.74365234375 0.083984375 0.03076171875
0 0.7451171875 0.744140625 0.07275390625 0.033203125
0 0.54931640625 0.5771484375 0.083984375 0.03125
0 0.55078125 0.74462890625 0.08447265625 0.03173828125
0 0.357421875 0.5771484375 0.08349609375 0.033203125
0 0.3603515625 0.74462890625 0.06884765625 0.033203125
0 0.16943359375 0.57666015625 0.06591796875 0.0341796875
0 0.1650390625 0.7451171875 0.0693359375 0.03271484375