1 0.90380859375 0.21435546875 0.0830078125 0.0400390625
1 0.70654296875 0.2236328125 0.076171875 0.0390625
1 0.52294921875 0.236328125 0.0927734375 0.029296875
1 0.91357421875 0.37548828125 0.08203125 0.0302734375
1 0.72216796875 0.39208984375 0.0810546875 0.029296875
1 0.5234375 0.4091796875 0.0732421875 0.0390625
1 0.32080078125 0.251953125 0.0771484375 0.0419921875
1 0.12841796875 0.2646484375 0.0791015625 0.0400390625
1 0.32861328125 0.4150390625 0.068359375 0.02734375
1 0.14794921875 0.4306640625 0.095703125 0.0302734375
1 0.1552734375 0.595703125 0.0859375 0.0322265625
1 0.34619140625 0.587890625 0.0810546875 0.029296875
1 0.5380859375 0.57470703125 0.0771484375 0.0400390625
1 0.9267578125 0.54345703125 0.0859375 0.0498046875
1 0.7353515625 0.556640625 0.087890625 0.0400390625
1 0.93017578125 0.7119140625 0.068359375 0.0302734375
1 0.7490234375 0.71826171875 0.0927734375 0.0302734375
1 0.552734375 0.73779296875 0.083984375 0.03125
1 0.36181640625 0.75341796875 0.087890625 0.0419921875
1 0.16357421875 0.76611328125 0.0771484375 0.041015625
0 0.08056640625 0.77294921875 0.083984375 0.0380859375
0 0.26953125 0.76025390625 0.0712890625 0.0380859375
0 0.4638671875 0.74609375 0.0673828125 0.037109375
0 0.064453125 0.60595703125 0.068359375 0.0361328125
0 0.259765625 0.59228515625 0.064453125 0.0380859375
0 0.45458984375 0.57958984375 0.0859375 0.0380859375
0 0.84033203125 0.55126953125 0.0830078125 0.0361328125
0 0.6474609375 0.56494140625 0.083984375 0.0361328125
0 0.6572265625 0.73291015625 0.068359375 0.03515625
0 0.85009765625 0.71923828125 0.06640625 0.037109375
0 0.82421875 0.38623046875 0.0625 0.037109375
0 0.63232421875 0.3994140625 0.06640625 0.037109375
0 0.44140625 0.41162109375 0.068359375 0.037109375
0 0.8125 0.21875 0.0654296875 0.0361328125
0 0.62353515625 0.2314453125 0.0859375 0.037109375
0 0.427734375 0.24560546875 0.072265625 0.0361328125
0 0.2353515625 0.2587890625 0.068359375 0.0361328125
0 0.04150390625 0.27197265625 0.0693359375 0.0361328125
0 0.24755859375 0.42578125 0.0625 0.0361328125
0 0.05078125 0.439453125 0.0654296875 0.037109375