1 0.09423828125 0.22314453125 0.068359375 0.0283203125
1 0.2822265625 0.23291015625 0.0771484375 0.0283203125
1 0.07861328125 0.39404296875 0.0869140625 0.0400390625
1 0.2744140625 0.39794921875 0.0810546875 0.029296875
1 0.47265625 0.39892578125 0.060546875 0.0380859375
1 0.669921875 0.248046875 0.0751953125 0.0380859375
1 0.8564453125 0.25439453125 0.0859375 0.0283203125
1 0.66455078125 0.4111328125 0.07421875 0.0283203125
1 0.859375 0.4189453125 0.072265625 0.0390625
1 0.07666015625 0.560546875 0.080078125 0.0361328125
1 0.07080078125 0.72900390625 0.0791015625 0.0380859375
1 0.2578125 0.73291015625 0.08984375 0.0302734375
1 0.2744140625 0.56787109375 0.068359375 0.02734375
1 0.46142578125 0.5732421875 0.08203125 0.02734375
1 0.447265625 0.73876953125 0.1025390625 0.048828125
1 0.650390625 0.58251953125 0.0888671875 0.02734375
1 0.84326171875 0.58740234375 0.08984375 0.0390625
1 0.931640625 0.66650390625 0.0615234375 0.068359375
1 0.6533203125 0.74951171875 0.068359375 0.02734375
0 0.17333984375 0.2294921875 0.0849609375 0.0341796875
0 0.36669921875 0.23681640625 0.0849609375 0.0361328125
0 0.166015625 0.3974609375 0.068359375 0.03515625
0 0.3603515625 0.404296875 0.0654296875 0.03515625
0 0.54833984375 0.40625 0.0673828125 0.03515625
0 0.75146484375 0.2509765625 0.0859375 0.03515625
0 0.748046875 0.4169921875 0.0634765625 0.033203125
0 0.9462890625 0.2568359375 0.0859375 0.03515625
0 0.94384765625 0.4248046875 0.0712890625 0.0341796875
0 0.74462890625 0.58447265625 0.0654296875 0.037109375
0 0.9345703125 0.5908203125 0.0830078125 0.0341796875
0 0.91748046875 0.7578125 0.1083984375 0.0361328125
0 0.7392578125 0.75146484375 0.06640625 0.0341796875
0 0.55029296875 0.578125 0.0654296875 0.0341796875
0 0.5419921875 0.744140625 0.0830078125 0.0341796875
0 0.3564453125 0.57080078125 0.0732421875 0.0361328125
0 0.166015625 0.5634765625 0.068359375 0.03515625
0 0.15771484375 0.73193359375 0.068359375 0.03515625
0 0.3525390625 0.73828125 0.06640625 0.037109375