1 0.0546875 0.27978515625 0.0859375 0.0439453125
1 0.2587890625 0.26220703125 0.0634765625 0.0283203125
1 0.44140625 0.2470703125 0.0771484375 0.0400390625
1 0.0703125 0.44921875 0.087890625 0.0302734375
1 0.25634765625 0.4326171875 0.1005859375 0.0419921875
1 0.45849609375 0.4111328125 0.0751953125 0.0322265625
1 0.630859375 0.2294921875 0.08984375 0.0322265625
1 0.82861328125 0.2119140625 0.0771484375 0.03125
1 0.8427734375 0.38037109375 0.083984375 0.04296875
1 0.6455078125 0.39501953125 0.091796875 0.0419921875
1 0.0869140625 0.61279296875 0.08203125 0.0322265625
1 0.28515625 0.59765625 0.0703125 0.03125
1 0.46826171875 0.57763671875 0.0908203125 0.0322265625
1 0.10791015625 0.77978515625 0.06640625 0.03125
1 0.2841796875 0.763671875 0.1015625 0.046875
1 0.46728515625 0.74853515625 0.07421875 0.0390625
1 0.67333984375 0.56298828125 0.06640625 0.033203125
1 0.658203125 0.732421875 0.0771484375 0.0439453125
1 0.87255859375 0.71337890625 0.080078125 0.0400390625
1 0.8623046875 0.5390625 0.0703125 0.0322265625
0 0.14599609375 0.27099609375 0.0693359375 0.0390625
0 0.33544921875 0.25537109375 0.0859375 0.0400390625
0 0.15673828125 0.43896484375 0.0869140625 0.0390625
0 0.35009765625 0.421875 0.0849609375 0.0380859375
0 0.5283203125 0.2373046875 0.087890625 0.0400390625
0 0.5458984375 0.40478515625 0.072265625 0.041015625
0 0.72119140625 0.22119140625 0.0673828125 0.0380859375
0 0.91357421875 0.20458984375 0.0859375 0.0380859375
0 0.93115234375 0.37060546875 0.0703125 0.0390625
0 0.7333984375 0.38818359375 0.0869140625 0.0390625
0 0.9453125 0.537109375 0.0732421875 0.0380859375
0 0.9560546875 0.705078125 0.0869140625 0.0400390625
0 0.751953125 0.55224609375 0.064453125 0.037109375
0 0.7529296875 0.72216796875 0.107421875 0.04296875
0 0.560546875 0.73876953125 0.109375 0.041015625
0 0.5615234375 0.57080078125 0.0673828125 0.037109375
0 0.17578125 0.60400390625 0.072265625 0.0390625
0 0.3671875 0.5869140625 0.068359375 0.0380859375
0 0.1875 0.77099609375 0.076171875 0.0380859375
0 0.37939453125 0.75390625 0.083984375 0.0400390625