1 0.08544921875 0.2451171875 0.06201171875 0.03759765625
1 0.27392578125 0.2431640625 0.0751953125 0.02783203125
1 0.462890625 0.244140625 0.080078125 0.03466796875
1 0.07861328125 0.41162109375 0.07666015625 0.03564453125
1 0.27490234375 0.41162109375 0.0751953125 0.03466796875
1 0.466796875 0.4111328125 0.078125 0.0361328125
1 0.6533203125 0.244140625 0.09033203125 0.03515625
1 0.845703125 0.24462890625 0.0927734375 0.0302734375
1 0.66259765625 0.4130859375 0.0712890625 0.03515625
1 0.8486328125 0.4111328125 0.087890625 0.03564453125
1 0.083984375 0.5732421875 0.0703125 0.02392578125
1 0.2724609375 0.5732421875 0.07763671875 0.02685546875
1 0.08056640625 0.74609375 0.076171875 0.03662109375
1 0.2685546875 0.74462890625 0.0849609375 0.03515625
1 0.45703125 0.5810546875 0.10009765625 0.033203125
1 0.44677734375 0.74609375 0.07763671875 0.03369140625
1 0.662109375 0.57958984375 0.06982421875 0.0341796875
1 0.626953125 0.73876953125 0.0390625 0.0546875
1 0.849609375 0.57373046875 0.08447265625 0.02490234375
1 0.82958984375 0.74560546875 0.07958984375 0.03515625
0 0.166015625 0.24267578125 0.0693359375 0.0322265625
0 0.36328125 0.24267578125 0.06494140625 0.0341796875
0 0.5517578125 0.24169921875 0.0693359375 0.0341796875
0 0.16650390625 0.41015625 0.0712890625 0.0361328125
0 0.361328125 0.4091796875 0.06396484375 0.03466796875
0 0.5576171875 0.40966796875 0.06201171875 0.0341796875
0 0.7431640625 0.2431640625 0.08251953125 0.03369140625
0 0.9423828125 0.24267578125 0.06396484375 0.03369140625
0 0.74658203125 0.4091796875 0.06640625 0.03271484375
0 0.9443359375 0.41015625 0.06396484375 0.0341796875
0 0.94189453125 0.5771484375 0.068359375 0.0322265625
0 0.74462890625 0.57568359375 0.06982421875 0.03271484375
0 0.55078125 0.576171875 0.0830078125 0.03369140625
0 0.3603515625 0.57666015625 0.07373046875 0.0322265625
0 0.16943359375 0.57568359375 0.0673828125 0.03466796875
0 0.1640625 0.74365234375 0.083984375 0.03173828125
0 0.35693359375 0.74365234375 0.08154296875 0.03515625
0 0.54052734375 0.7431640625 0.1025390625 0.03515625
0 0.71826171875 0.74365234375 0.1376953125 0.03173828125
0 0.9267578125 0.74267578125 0.10400390625 0.033203125