1 0.08203125 0.2373046875 0.08203125 0.037109375
1 0.27392578125 0.23291015625 0.083984375 0.0234375
1 0.4716796875 0.240234375 0.078125 0.0244140625
1 0.66357421875 0.24658203125 0.078125 0.0341796875
1 0.859375 0.24658203125 0.0732421875 0.0244140625
0 0.9443359375 0.25048828125 0.0673828125 0.03515625
0 0.75341796875 0.24658203125 0.0654296875 0.03515625
0 0.56103515625 0.24365234375 0.0615234375 0.0341796875
0 0.36669921875 0.240234375 0.0634765625 0.03515625
0 0.173828125 0.23681640625 0.0634765625 0.0361328125
1 0.07958984375 0.40234375 0.0810546875 0.0341796875
1 0.28076171875 0.404296875 0.064453125 0.025390625
1 0.47021484375 0.4052734375 0.0703125 0.0234375
1 0.8466796875 0.41748046875 0.095703125 0.0341796875
0 0.93896484375 0.41748046875 0.0830078125 0.033203125
0 0.55517578125 0.4111328125 0.0693359375 0.0341796875
0 0.16943359375 0.404296875 0.064453125 0.0341796875
0 0.36328125 0.40771484375 0.0615234375 0.03515625
1 0.0810546875 0.57177734375 0.072265625 0.025390625
1 0.26708984375 0.57421875 0.087890625 0.0341796875
1 0.462890625 0.5732421875 0.0830078125 0.0234375
0 0.1689453125 0.57080078125 0.0625 0.03515625
0 0.361328125 0.57470703125 0.0654296875 0.03515625
0 0.55078125 0.57861328125 0.0634765625 0.03515625
0 0.7451171875 0.58251953125 0.0625 0.03515625
0 0.93798828125 0.5849609375 0.0703125 0.03515625
1 0.6484375 0.580078125 0.099609375 0.037109375
1 0.8466796875 0.583984375 0.08984375 0.025390625
1 0.8271484375 0.75146484375 0.0703125 0.0341796875
1 0.7470703125 0.70361328125 0.0615234375 0.0234375
1 0.26708984375 0.74072265625 0.08203125 0.037109375
1 0.07666015625 0.73876953125 0.076171875 0.03515625
0 0.15966796875 0.7392578125 0.0830078125 0.0341796875
0 0.353515625 0.7421875 0.0830078125 0.03515625
0 0.71923828125 0.744140625 0.1083984375 0.033203125
0 0.921875 0.751953125 0.1044921875 0.0361328125