1 0.92529296875 0.24951171875 0.078125 0.037109375
1 0.728515625 0.24267578125 0.0703125 0.0263671875
1 0.5419921875 0.2431640625 0.0888671875 0.0244140625
1 0.2705078125 0.17431640625 0.0751953125 0.0341796875
1 0.14990234375 0.23291015625 0.07421875 0.0244140625
1 0.150390625 0.40283203125 0.0849609375 0.044921875
1 0.52880859375 0.40673828125 0.064453125 0.0244140625
1 0.734375 0.41015625 0.0869140625 0.02734375
1 0.92333984375 0.41650390625 0.080078125 0.025390625
1 0.92041015625 0.58349609375 0.080078125 0.0341796875
1 0.72900390625 0.58203125 0.0830078125 0.033203125
1 0.5322265625 0.57421875 0.0791015625 0.0244140625
1 0.34228515625 0.57373046875 0.0849609375 0.0244140625
1 0.1396484375 0.5673828125 0.0654296875 0.025390625
1 0.0458984375 0.6552734375 0.0634765625 0.06640625
1 0.35595703125 0.7412109375 0.0712890625 0.03515625
1 0.52685546875 0.7421875 0.0732421875 0.0234375
1 0.7216796875 0.74560546875 0.076171875 0.0244140625
1 0.9189453125 0.74951171875 0.0859375 0.0263671875
0 0.8359375 0.24951171875 0.0673828125 0.033203125
0 0.64306640625 0.24609375 0.0634765625 0.033203125
0 0.4521484375 0.24267578125 0.068359375 0.033203125
0 0.24951171875 0.23828125 0.060546875 0.0341796875
0 0.0654296875 0.2353515625 0.068359375 0.0341796875
0 0.0634765625 0.40283203125 0.0830078125 0.033203125
0 0.255859375 0.40625 0.0634765625 0.033203125
1 0.345703125 0.4013671875 0.0849609375 0.025390625
0 0.44873046875 0.41015625 0.06640625 0.0341796875
0 0.64013671875 0.41357421875 0.0634765625 0.0341796875
0 0.8330078125 0.41650390625 0.0654296875 0.033203125
0 0.83349609375 0.58251953125 0.0810546875 0.0322265625
0 0.63330078125 0.57958984375 0.0634765625 0.0322265625
0 0.44482421875 0.57666015625 0.0625 0.033203125
0 0.251953125 0.57275390625 0.0625 0.033203125
0 0.05712890625 0.5693359375 0.0673828125 0.0341796875
0 0.0703125 0.7373046875 0.1064453125 0.033203125
0 0.26416015625 0.74072265625 0.107421875 0.033203125
0 0.4453125 0.74462890625 0.0634765625 0.0341796875
0 0.63818359375 0.7470703125 0.08203125 0.03125
0 0.82958984375 0.75048828125 0.0673828125 0.033203125