1 0.91455078125 0.23681640625 0.0673828125 0.025390625
1 0.7265625 0.24072265625 0.076171875 0.0234375
1 0.92431640625 0.408203125 0.0859375 0.033203125
1 0.72998046875 0.40576171875 0.08203125 0.0244140625
1 0.52978515625 0.39990234375 0.056640625 0.037109375
1 0.33837890625 0.24072265625 0.07421875 0.03515625
1 0.337890625 0.4072265625 0.072265625 0.025390625
1 0.142578125 0.4072265625 0.0712890625 0.037109375
1 0.15185546875 0.2421875 0.083984375 0.025390625
1 0.15185546875 0.5751953125 0.08984375 0.03515625
1 0.0625 0.64990234375 0.0595703125 0.06640625
1 0.3359375 0.744140625 0.06640625 0.0234375
1 0.34619140625 0.576171875 0.08984375 0.025390625
1 0.53515625 0.57470703125 0.0810546875 0.025390625
1 0.5439453125 0.740234375 0.1005859375 0.044921875
1 0.72216796875 0.57763671875 0.0703125 0.0244140625
1 0.9208984375 0.5751953125 0.08203125 0.0341796875
1 0.92138671875 0.74462890625 0.080078125 0.03515625
1 0.7333984375 0.74072265625 0.08984375 0.0283203125
0 0.8359375 0.24169921875 0.083984375 0.0322265625
0 0.642578125 0.2412109375 0.0859375 0.03125
0 0.8359375 0.40869140625 0.064453125 0.033203125
0 0.64306640625 0.4091796875 0.064453125 0.0341796875
0 0.455078125 0.404296875 0.06640625 0.033203125
0 0.255859375 0.24169921875 0.083984375 0.0322265625
0 0.06201171875 0.2421875 0.083984375 0.033203125
0 0.25390625 0.40869140625 0.0634765625 0.033203125
0 0.0595703125 0.40869140625 0.064453125 0.0341796875
0 0.06298828125 0.5751953125 0.0830078125 0.033203125
0 0.0751953125 0.7431640625 0.1103515625 0.033203125
0 0.25341796875 0.57568359375 0.064453125 0.03125
0 0.2529296875 0.7431640625 0.06640625 0.03515625
0 0.44677734375 0.576171875 0.0634765625 0.03125
0 0.4501953125 0.74365234375 0.0830078125 0.033203125
0 0.6396484375 0.74365234375 0.068359375 0.033203125
0 0.640625 0.57568359375 0.068359375 0.0322265625
0 0.83203125 0.5751953125 0.06640625 0.0341796875
0 0.833984375 0.74267578125 0.06640625 0.0341796875