1 0.072265625 0.24853515625 0.10009765625 0.02197265625
1 0.271484375 0.24755859375 0.0791015625 0.033203125
1 0.5478515625 0.18994140625 0.05126953125 0.0546875
1 0.09521484375 0.412109375 0.0703125 0.03466796875
1 0.3623046875 0.37255859375 0.07666015625 0.0322265625
1 0.48095703125 0.41064453125 0.05224609375 0.02392578125
1 0.66064453125 0.251953125 0.08984375 0.0224609375
1 0.6708984375 0.41796875 0.06591796875 0.02392578125
1 0.84814453125 0.41845703125 0.099609375 0.0234375
1 0.85595703125 0.2431640625 0.0810546875 0.033203125
1 0.7548828125 0.533203125 0.041015625 0.04345703125
1 0.85546875 0.578125 0.08544921875 0.02392578125
1 0.908203125 0.6943359375 0.083984375 0.0439453125
1 0.57373046875 0.69287109375 0.05029296875 0.05322265625
1 0.4658203125 0.58056640625 0.1005859375 0.033203125
1 0.35693359375 0.52685546875 0.0625 0.0546875
1 0.0869140625 0.5849609375 0.08544921875 0.0234375
1 0.08447265625 0.7421875 0.09033203125 0.03515625
1 0.27294921875 0.74267578125 0.0859375 0.0361328125
0 0.16796875 0.24365234375 0.08203125 0.033203125
0 0.3603515625 0.244140625 0.0830078125 0.033203125
0 0.5595703125 0.244140625 0.06787109375 0.03369140625
0 0.1728515625 0.412109375 0.0634765625 0.033203125
0 0.36669921875 0.41162109375 0.06689453125 0.03173828125
0 0.55322265625 0.41162109375 0.083984375 0.0322265625
0 0.751953125 0.24462890625 0.06494140625 0.03515625
0 0.75146484375 0.41162109375 0.06591796875 0.03466796875
0 0.94384765625 0.24462890625 0.0654296875 0.03515625
0 0.9443359375 0.412109375 0.06689453125 0.0341796875
0 0.94384765625 0.5791015625 0.06494140625 0.03515625
0 0.7509765625 0.5791015625 0.06591796875 0.03369140625
0 0.923828125 0.74072265625 0.1083984375 0.03466796875
0 0.5595703125 0.5791015625 0.06494140625 0.0322265625
0 0.5419921875 0.74072265625 0.1083984375 0.0341796875
0 0.361328125 0.57958984375 0.0849609375 0.03466796875
0 0.17529296875 0.5791015625 0.06591796875 0.03662109375
0 0.17529296875 0.7421875 0.06494140625 0.03515625
0 0.36669921875 0.74267578125 0.06787109375 0.03515625