1 0.90673828125 0.220703125 0.0791015625 0.0400390625
1 0.7099609375 0.2275390625 0.0712890625 0.0283203125
1 0.52392578125 0.2412109375 0.08984375 0.02734375
1 0.248046875 0.19091796875 0.076171875 0.0361328125
1 0.13232421875 0.25830078125 0.0751953125 0.0263671875
1 0.14453125 0.427734375 0.0859375 0.0478515625
1 0.5224609375 0.40478515625 0.0654296875 0.0263671875
1 0.7275390625 0.39404296875 0.087890625 0.0302734375
1 0.91650390625 0.38720703125 0.0810546875 0.0283203125
1 0.92529296875 0.55419921875 0.0810546875 0.037109375
1 0.734375 0.56591796875 0.083984375 0.0361328125
1 0.53759765625 0.57177734375 0.080078125 0.02734375
1 0.34814453125 0.5849609375 0.0859375 0.02734375
1 0.1455078125 0.59228515625 0.06640625 0.02734375
1 0.05810546875 0.6865234375 0.0654296875 0.068359375
1 0.37353515625 0.75048828125 0.072265625 0.037109375
1 0.5439453125 0.73974609375 0.07421875 0.0263671875
1 0.73828125 0.7294921875 0.0771484375 0.02734375
1 0.935546875 0.7197265625 0.0869140625 0.029296875
0 0.81787109375 0.2265625 0.068359375 0.03515625
0 0.625 0.23681640625 0.064453125 0.03515625
0 0.4345703125 0.24658203125 0.0693359375 0.0361328125
0 0.23193359375 0.25634765625 0.0615234375 0.0361328125
0 0.04833984375 0.2666015625 0.0693359375 0.0361328125
0 0.05810546875 0.43359375 0.083984375 0.0361328125
0 0.25 0.423828125 0.064453125 0.03515625
1 0.33935546875 0.41259765625 0.0859375 0.0283203125
0 0.44287109375 0.4140625 0.0673828125 0.0361328125
0 0.6337890625 0.40380859375 0.064453125 0.0361328125
0 0.826171875 0.3935546875 0.06640625 0.03515625
0 0.83837890625 0.55908203125 0.08203125 0.03515625
0 0.638671875 0.56982421875 0.064453125 0.0341796875
0 0.4501953125 0.58056640625 0.0634765625 0.03515625
0 0.2578125 0.58984375 0.0634765625 0.03515625
0 0.0634765625 0.60009765625 0.068359375 0.037109375
0 0.087890625 0.7666015625 0.107421875 0.037109375
0 0.28173828125 0.75634765625 0.1083984375 0.037109375
0 0.46240234375 0.748046875 0.064453125 0.0361328125
0 0.6552734375 0.73681640625 0.0830078125 0.0341796875
0 0.84619140625 0.72705078125 0.068359375 0.03515625