1 0.91015625 0.22998046875 0.0673828125 0.02734375
1 0.72265625 0.23681640625 0.0771484375 0.0263671875
1 0.92333984375 0.4013671875 0.0859375 0.0390625
1 0.7275390625 0.40185546875 0.0810546875 0.02734375
1 0.52880859375 0.3994140625 0.0595703125 0.037109375
1 0.33447265625 0.2451171875 0.0751953125 0.0361328125
1 0.14794921875 0.24853515625 0.0849609375 0.0263671875
1 0.33740234375 0.408203125 0.0732421875 0.0263671875
1 0.14208984375 0.41259765625 0.072265625 0.037109375
1 0.92236328125 0.56787109375 0.0791015625 0.0341796875
1 0.92529296875 0.736328125 0.078125 0.0361328125
1 0.73828125 0.7373046875 0.08984375 0.0283203125
1 0.724609375 0.57177734375 0.068359375 0.0263671875
1 0.53759765625 0.57421875 0.0810546875 0.025390625
1 0.548828125 0.7392578125 0.1015625 0.046875
1 0.34814453125 0.57958984375 0.0888671875 0.0263671875
1 0.1552734375 0.5810546875 0.08984375 0.037109375
1 0.06591796875 0.6591796875 0.060546875 0.0673828125
1 0.34228515625 0.7470703125 0.068359375 0.0263671875
0 0.83154296875 0.2353515625 0.083984375 0.033203125
0 0.63818359375 0.2392578125 0.0849609375 0.03515625
0 0.8359375 0.4033203125 0.0673828125 0.0341796875
0 0.6416015625 0.40673828125 0.0654296875 0.0341796875
0 0.45361328125 0.40576171875 0.0673828125 0.0341796875
0 0.2529296875 0.24658203125 0.0849609375 0.0341796875
0 0.25341796875 0.41259765625 0.0634765625 0.0322265625
0 0.05810546875 0.2490234375 0.0859375 0.0341796875
0 0.0576171875 0.4169921875 0.0703125 0.033203125
0 0.25390625 0.580078125 0.0654296875 0.0361328125
0 0.06396484375 0.58349609375 0.08203125 0.033203125
0 0.078125 0.75048828125 0.107421875 0.0341796875
0 0.25634765625 0.74755859375 0.06640625 0.033203125
0 0.4482421875 0.5771484375 0.064453125 0.033203125
0 0.4541015625 0.74365234375 0.0830078125 0.033203125
0 0.642578125 0.5732421875 0.072265625 0.03515625
0 0.8330078125 0.5693359375 0.0673828125 0.0341796875
0 0.83837890625 0.73779296875 0.068359375 0.0341796875
0 0.6435546875 0.74072265625 0.06640625 0.0361328125