1 0.07568359375 0.24169921875 0.083984375 0.037109375
1 0.2802734375 0.2421875 0.0615234375 0.0234375
1 0.4638671875 0.2431640625 0.07421875 0.0341796875
1 0.076171875 0.412109375 0.0859375 0.0234375
1 0.26318359375 0.41162109375 0.09765625 0.033203125
1 0.46630859375 0.40771484375 0.0732421875 0.0263671875
1 0.65380859375 0.24169921875 0.087890625 0.0244140625
1 0.8525390625 0.24169921875 0.0751953125 0.0244140625
1 0.85205078125 0.41064453125 0.0810546875 0.0361328125
1 0.654296875 0.408203125 0.0888671875 0.03515625
1 0.07861328125 0.576171875 0.080078125 0.025390625
1 0.27734375 0.57861328125 0.068359375 0.025390625
1 0.46142578125 0.57470703125 0.0888671875 0.0244140625
1 0.0849609375 0.74462890625 0.064453125 0.025390625
1 0.26220703125 0.74365234375 0.0986328125 0.0380859375
1 0.44580078125 0.74462890625 0.0712890625 0.033203125
1 0.6669921875 0.57763671875 0.064453125 0.02734375
1 0.63720703125 0.7451171875 0.07421875 0.037109375
1 0.8525390625 0.7451171875 0.078125 0.033203125
1 0.857421875 0.5703125 0.068359375 0.025390625
0 0.16748046875 0.2412109375 0.06640625 0.033203125
0 0.357421875 0.2421875 0.083984375 0.033203125
0 0.16357421875 0.4091796875 0.083984375 0.0322265625
0 0.357421875 0.4091796875 0.0830078125 0.03125
0 0.55126953125 0.24072265625 0.0849609375 0.033203125
0 0.55419921875 0.4091796875 0.0703125 0.03515625
0 0.74462890625 0.24169921875 0.064453125 0.033203125
0 0.93798828125 0.24169921875 0.083984375 0.03125
0 0.94091796875 0.40869140625 0.0673828125 0.033203125
0 0.7421875 0.4091796875 0.083984375 0.0322265625
0 0.9404296875 0.57568359375 0.0703125 0.0322265625
0 0.9365234375 0.744140625 0.083984375 0.033203125
0 0.74658203125 0.57421875 0.0615234375 0.03125
0 0.732421875 0.7431640625 0.10546875 0.033203125
0 0.53955078125 0.7431640625 0.107421875 0.0322265625
0 0.55517578125 0.57568359375 0.064453125 0.03125
0 0.16796875 0.5751953125 0.0703125 0.033203125
0 0.35986328125 0.5751953125 0.06640625 0.0322265625
0 0.1650390625 0.74267578125 0.0732421875 0.03125
0 0.35791015625 0.74267578125 0.0810546875 0.033203125