1 0.08154296875 0.45703125 0.072265625 0.0361328125
1 0.26220703125 0.45458984375 0.0986328125 0.03515625
1 0.45654296875 0.44921875 0.095703125 0.0341796875
1 0.0869140625 0.6171875 0.0634765625 0.025390625
1 0.26611328125 0.6201171875 0.09375 0.03515625
1 0.45849609375 0.61669921875 0.095703125 0.0341796875
1 0.080078125 0.79248046875 0.0859375 0.03515625
1 0.26708984375 0.78515625 0.095703125 0.0263671875
1 0.46337890625 0.77978515625 0.091796875 0.025390625
1 0.08740234375 0.95556640625 0.07421875 0.033203125
1 0.28271484375 0.951171875 0.0693359375 0.0224609375
1 0.470703125 0.94873046875 0.08203125 0.0234375
1 0.662109375 0.78076171875 0.0771484375 0.0341796875
1 0.8583984375 0.77490234375 0.0751953125 0.025390625
1 0.65966796875 0.94091796875 0.0888671875 0.0244140625
1 0.85693359375 0.94140625 0.0859375 0.0341796875
1 0.65283203125 0.61083984375 0.08984375 0.0263671875
1 0.853515625 0.60205078125 0.0810546875 0.0244140625
1 0.66650390625 0.443359375 0.0595703125 0.025390625
1 0.84619140625 0.4384765625 0.087890625 0.0283203125
0 0.1630859375 0.453125 0.083984375 0.0341796875
0 0.35693359375 0.44921875 0.0859375 0.03515625
0 0.54833984375 0.4462890625 0.083984375 0.0341796875
0 0.166015625 0.61962890625 0.0869140625 0.0361328125
0 0.359375 0.61669921875 0.0849609375 0.03515625
0 0.5517578125 0.61279296875 0.0830078125 0.0341796875
0 0.17529296875 0.7861328125 0.0634765625 0.0341796875
0 0.365234375 0.78271484375 0.06640625 0.0341796875
0 0.56005859375 0.779296875 0.0634765625 0.0341796875
0 0.564453125 0.9462890625 0.0634765625 0.03515625
0 0.36572265625 0.9501953125 0.0703125 0.03515625
0 0.17431640625 0.953125 0.0634765625 0.037109375
0 0.75146484375 0.775390625 0.06640625 0.033203125
0 0.94921875 0.771484375 0.0625 0.0322265625
0 0.7529296875 0.94287109375 0.0712890625 0.0341796875
0 0.94970703125 0.93896484375 0.0673828125 0.037109375
0 0.7431640625 0.4423828125 0.0849609375 0.033203125
0 0.93603515625 0.4384765625 0.0830078125 0.0341796875
0 0.7431640625 0.60986328125 0.064453125 0.03515625
0 0.94384765625 0.60546875 0.0673828125 0.03515625