1 0.927734375 0.43359375 0.0986328125 0.0390625
1 0.732421875 0.44091796875 0.091796875 0.0380859375
1 0.5419921875 0.4482421875 0.099609375 0.0390625
1 0.927734375 0.5966796875 0.083984375 0.0302734375
1 0.74169921875 0.6064453125 0.0986328125 0.0400390625
1 0.54150390625 0.61181640625 0.0830078125 0.0302734375
1 0.341796875 0.455078125 0.080078125 0.0283203125
1 0.15234375 0.45751953125 0.0869140625 0.02734375
1 0.34765625 0.62548828125 0.0810546875 0.0263671875
1 0.14404296875 0.63427734375 0.060546875 0.02734375
1 0.15771484375 0.7939453125 0.0791015625 0.02734375
1 0.35888671875 0.787109375 0.095703125 0.0390625
1 0.9345703125 0.767578125 0.0869140625 0.0283203125
1 0.73828125 0.77587890625 0.080078125 0.037109375
1 0.5556640625 0.779296875 0.095703125 0.0283203125
1 0.93359375 0.931640625 0.07421875 0.0380859375
1 0.73876953125 0.9375 0.0703125 0.02734375
1 0.55224609375 0.9462890625 0.08203125 0.0283203125
1 0.169921875 0.958984375 0.0927734375 0.0283203125
1 0.3662109375 0.951171875 0.1005859375 0.046875
0 0.833984375 0.43505859375 0.0830078125 0.0361328125
0 0.64111328125 0.44189453125 0.0859375 0.0380859375
0 0.44775390625 0.44873046875 0.083984375 0.0361328125
0 0.8388671875 0.6025390625 0.06640625 0.037109375
0 0.64697265625 0.60888671875 0.083984375 0.037109375
0 0.453125 0.61474609375 0.068359375 0.037109375
0 0.26171875 0.62109375 0.083984375 0.0390625
0 0.06494140625 0.6279296875 0.0654296875 0.03515625
0 0.25439453125 0.455078125 0.0849609375 0.037109375
0 0.06103515625 0.46142578125 0.0849609375 0.037109375
0 0.4541015625 0.78271484375 0.06640625 0.037109375
0 0.26611328125 0.7890625 0.0732421875 0.0361328125
0 0.06494140625 0.794921875 0.064453125 0.03515625
0 0.07861328125 0.96240234375 0.0849609375 0.0361328125
0 0.26611328125 0.95654296875 0.0703125 0.0361328125
0 0.45751953125 0.94970703125 0.064453125 0.037109375
0 0.84375 0.767578125 0.06640625 0.0361328125
0 0.6513671875 0.775390625 0.0712890625 0.0361328125
0 0.8486328125 0.935546875 0.06640625 0.03515625
0 0.65625 0.9404296875 0.068359375 0.03515625