1 0.0888671875 0.517578125 0.06640625 0.02734375
1 0.27783203125 0.51123046875 0.0771484375 0.0390625
1 0.46484375 0.50048828125 0.0869140625 0.041015625
1 0.65673828125 0.48779296875 0.0791015625 0.0400390625
1 0.853515625 0.47412109375 0.068359375 0.029296875
1 0.083984375 0.70166015625 0.091796875 0.0390625
1 0.29052734375 0.6884765625 0.06640625 0.0302734375
1 0.4755859375 0.6806640625 0.0810546875 0.0400390625
1 0.66357421875 0.6708984375 0.0859375 0.0390625
1 0.86572265625 0.65380859375 0.0703125 0.0283203125
0 0.16748046875 0.51513671875 0.0869140625 0.037109375
0 0.3603515625 0.50537109375 0.0888671875 0.0400390625
0 0.55224609375 0.4951171875 0.0869140625 0.0390625
0 0.74365234375 0.4853515625 0.0849609375 0.0390625
0 0.9365234375 0.47412109375 0.0859375 0.037109375
0 0.9462890625 0.6552734375 0.0859375 0.0361328125
0 0.751953125 0.6650390625 0.0859375 0.0361328125
0 0.56103515625 0.67626953125 0.0859375 0.0380859375
0 0.3701171875 0.685546875 0.0869140625 0.0380859375
0 0.17431640625 0.69580078125 0.0810546875 0.0380859375
0 0.1865234375 0.876953125 0.087890625 0.0380859375
0 0.37890625 0.8671875 0.0859375 0.037109375
0 0.5703125 0.857421875 0.0849609375 0.0390625
0 0.763671875 0.8466796875 0.0859375 0.037109375
0 0.9560546875 0.8359375 0.0810546875 0.0361328125
1 0.10205078125 0.88037109375 0.072265625 0.0263671875
1 0.287109375 0.87109375 0.09375 0.0400390625
1 0.48583984375 0.85791015625 0.0751953125 0.029296875
1 0.67333984375 0.8515625 0.083984375 0.0283203125
1 0.87744140625 0.8359375 0.06640625 0.02734375