1 0.0771484375 0.2431640625 0.0810546875 0.03466796875
1 0.27490234375 0.23876953125 0.07421875 0.0341796875
1 0.45849609375 0.23876953125 0.091796875 0.02294921875
1 0.07861328125 0.40478515625 0.080078125 0.0244140625
1 0.27099609375 0.40771484375 0.07958984375 0.02392578125
1 0.47021484375 0.4111328125 0.07080078125 0.0341796875
1 0.66162109375 0.240234375 0.07470703125 0.037109375
1 0.8544921875 0.2392578125 0.0771484375 0.03515625
1 0.6650390625 0.4033203125 0.0673828125 0.0224609375
1 0.84619140625 0.40625 0.09423828125 0.02392578125
1 0.8505859375 0.5712890625 0.083984375 0.0263671875
1 0.65966796875 0.5771484375 0.080078125 0.0234375
1 0.46728515625 0.5771484375 0.0751953125 0.03515625
1 0.0771484375 0.5732421875 0.0830078125 0.0439453125
1 0.26904296875 0.57275390625 0.08544921875 0.03369140625
1 0.08544921875 0.7412109375 0.06689453125 0.02587890625
1 0.2666015625 0.7353515625 0.0908203125 0.0244140625
1 0.4638671875 0.74072265625 0.08251953125 0.025390625
1 0.65576171875 0.7431640625 0.0859375 0.0361328125
1 0.85400390625 0.7421875 0.07470703125 0.03564453125
0 0.9375 0.7431640625 0.08154296875 0.03271484375
0 0.748046875 0.74365234375 0.0693359375 0.033203125
0 0.55322265625 0.7431640625 0.0654296875 0.03271484375
0 0.94189453125 0.5751953125 0.06591796875 0.03173828125
0 0.74609375 0.5751953125 0.06201171875 0.03369140625
0 0.55078125 0.576171875 0.083984375 0.0322265625
0 0.1640625 0.57470703125 0.0810546875 0.03076171875
0 0.357421875 0.5751953125 0.08251953125 0.03076171875
0 0.359375 0.7431640625 0.06591796875 0.03076171875
0 0.166015625 0.7431640625 0.064453125 0.0322265625
0 0.16845703125 0.4091796875 0.06005859375 0.03271484375
0 0.36083984375 0.40869140625 0.064453125 0.0322265625
0 0.55224609375 0.40771484375 0.06591796875 0.0322265625
0 0.16845703125 0.2412109375 0.0634765625 0.03173828125
0 0.35791015625 0.24072265625 0.08349609375 0.03173828125
0 0.55419921875 0.2412109375 0.06982421875 0.03125
0 0.7470703125 0.24072265625 0.06591796875 0.03125
0 0.94140625 0.24072265625 0.0673828125 0.03125
0 0.74658203125 0.408203125 0.060546875 0.0322265625
0 0.94384765625 0.408203125 0.06298828125 0.03271484375