1 0.9248046875 0.44091796875 0.0966796875 0.0361328125
1 0.92333984375 0.60546875 0.0869140625 0.029296875
1 0.71923828125 0.60791015625 0.0634765625 0.025390625
1 0.71630859375 0.44287109375 0.0634765625 0.025390625
1 0.5244140625 0.4453125 0.0634765625 0.0244140625
1 0.53759765625 0.611328125 0.08203125 0.0263671875
0 0.83154296875 0.44140625 0.0849609375 0.033203125
0 0.63916015625 0.4443359375 0.0849609375 0.0341796875
0 0.44677734375 0.4482421875 0.08203125 0.033203125
0 0.8359375 0.60791015625 0.0849609375 0.0341796875
0 0.64111328125 0.611328125 0.0859375 0.033203125
0 0.44873046875 0.61572265625 0.0830078125 0.03515625
1 0.34814453125 0.4501953125 0.091796875 0.037109375
1 0.337890625 0.6103515625 0.06640625 0.0244140625
1 0.15380859375 0.61962890625 0.083984375 0.0341796875
1 0.1494140625 0.44921875 0.0693359375 0.0234375
0 0.2578125 0.451171875 0.083984375 0.0322265625
0 0.06689453125 0.453125 0.083984375 0.0322265625
0 0.2587890625 0.6181640625 0.083984375 0.03515625
0 0.06396484375 0.62060546875 0.0830078125 0.0341796875
0 0.0673828125 0.7880859375 0.083984375 0.033203125
0 0.06787109375 0.95458984375 0.0693359375 0.033203125
0 0.26025390625 0.78515625 0.083984375 0.033203125
0 0.26171875 0.9521484375 0.068359375 0.0322265625
0 0.45263671875 0.9482421875 0.0654296875 0.0341796875
0 0.45263671875 0.78173828125 0.08203125 0.033203125
1 0.54150390625 0.78173828125 0.08984375 0.03515625
1 0.34765625 0.78076171875 0.078125 0.025390625
1 0.15234375 0.7880859375 0.078125 0.0244140625
1 0.154296875 0.95166015625 0.07421875 0.0234375
1 0.349609375 0.94921875 0.0810546875 0.025390625
1 0.5400390625 0.94775390625 0.0791015625 0.03515625
0 0.8388671875 0.775390625 0.0849609375 0.03515625
0 0.64453125 0.77880859375 0.0634765625 0.03515625
0 0.64794921875 0.9453125 0.0732421875 0.0341796875
0 0.83837890625 0.94189453125 0.068359375 0.033203125
1 0.92138671875 0.77490234375 0.07421875 0.0244140625
1 0.736328125 0.77783203125 0.08984375 0.03515625
1 0.73193359375 0.94384765625 0.080078125 0.0244140625
1 0.92578125 0.93994140625 0.0751953125 0.025390625