1 0.90283203125 0.21630859375 0.0673828125 0.02734375
1 0.70751953125 0.2255859375 0.0625 0.02734375
1 0.52197265625 0.23681640625 0.0830078125 0.0283203125
1 0.33251953125 0.244140625 0.087890625 0.029296875
1 0.13232421875 0.2607421875 0.076171875 0.025390625
0 0.04931640625 0.26513671875 0.0859375 0.03515625
0 0.24169921875 0.2548828125 0.0615234375 0.037109375
0 0.43505859375 0.24462890625 0.0859375 0.0361328125
0 0.6298828125 0.23486328125 0.083984375 0.0361328125
0 0.82177734375 0.224609375 0.0830078125 0.037109375
1 0.91455078125 0.38916015625 0.0771484375 0.0263671875
0 0.83056640625 0.39111328125 0.0703125 0.0361328125
1 0.73291015625 0.3984375 0.1015625 0.0380859375
1 0.52734375 0.40966796875 0.068359375 0.0361328125
1 0.34033203125 0.41650390625 0.0888671875 0.0400390625
1 0.14208984375 0.4248046875 0.0751953125 0.029296875
0 0.05615234375 0.43212890625 0.068359375 0.03515625
0 0.24853515625 0.42236328125 0.0654296875 0.03515625
0 0.4453125 0.41162109375 0.0849609375 0.03515625
0 0.63623046875 0.40185546875 0.083984375 0.03515625
1 0.9228515625 0.55517578125 0.0751953125 0.029296875
1 0.732421875 0.56640625 0.0810546875 0.0380859375
1 0.54150390625 0.57470703125 0.0830078125 0.029296875
1 0.34326171875 0.58447265625 0.0712890625 0.029296875
1 0.15234375 0.59130859375 0.0810546875 0.029296875
0 0.0634765625 0.5986328125 0.0693359375 0.0361328125
0 0.2587890625 0.587890625 0.0634765625 0.03515625
0 0.45068359375 0.57861328125 0.0673828125 0.03515625
0 0.6435546875 0.56884765625 0.0712890625 0.037109375
0 0.833984375 0.55810546875 0.0673828125 0.0361328125
1 0.939453125 0.7216796875 0.091796875 0.0390625
1 0.7451171875 0.72900390625 0.0908203125 0.0390625
1 0.548828125 0.74072265625 0.080078125 0.0390625
1 0.361328125 0.74951171875 0.0888671875 0.0322265625
1 0.16162109375 0.76123046875 0.0810546875 0.0380859375
0 0.076171875 0.76611328125 0.0849609375 0.0361328125
0 0.26513671875 0.755859375 0.068359375 0.0361328125
0 0.462890625 0.74560546875 0.0634765625 0.03515625
0 0.65625 0.73583984375 0.08203125 0.03515625
0 0.84619140625 0.72607421875 0.06640625 0.037109375