1 0.92333984375 0.4296875 0.0888671875 0.046875
1 0.73193359375 0.43701171875 0.091796875 0.0390625
1 0.53955078125 0.4443359375 0.095703125 0.0390625
1 0.927734375 0.59375 0.0859375 0.029296875
1 0.73583984375 0.60693359375 0.0859375 0.0380859375
1 0.53173828125 0.609375 0.06640625 0.0263671875
1 0.3427734375 0.44970703125 0.0849609375 0.0263671875
1 0.138671875 0.45751953125 0.0654296875 0.02734375
1 0.35107421875 0.619140625 0.09375 0.0400390625
1 0.15625 0.62451171875 0.0888671875 0.0380859375
1 0.35791015625 0.78662109375 0.0869140625 0.0361328125
1 0.15087890625 0.79345703125 0.06640625 0.025390625
1 0.3671875 0.94775390625 0.0947265625 0.0283203125
1 0.16796875 0.95361328125 0.08203125 0.0283203125
1 0.93212890625 0.76171875 0.0830078125 0.02734375
1 0.73876953125 0.77294921875 0.0810546875 0.025390625
1 0.5498046875 0.78125 0.0908203125 0.025390625
1 0.55615234375 0.94775390625 0.0947265625 0.03515625
1 0.7421875 0.94140625 0.0751953125 0.0263671875
1 0.93798828125 0.93310546875 0.0849609375 0.0361328125
0 0.83203125 0.43505859375 0.08203125 0.0361328125
0 0.6416015625 0.44189453125 0.0849609375 0.0361328125
0 0.447265625 0.44921875 0.0849609375 0.03515625
0 0.8408203125 0.6025390625 0.083984375 0.0361328125
0 0.64501953125 0.6083984375 0.064453125 0.0380859375
0 0.453125 0.61572265625 0.064453125 0.03515625
0 0.2548828125 0.455078125 0.0849609375 0.0361328125
0 0.06103515625 0.4609375 0.0830078125 0.0380859375
0 0.26123046875 0.623046875 0.083984375 0.03515625
0 0.06689453125 0.6279296875 0.0849609375 0.037109375
0 0.26513671875 0.78857421875 0.0693359375 0.03515625
0 0.0673828125 0.794921875 0.06640625 0.037109375
0 0.076171875 0.96142578125 0.0693359375 0.0380859375
0 0.2705078125 0.955078125 0.0712890625 0.0361328125
0 0.4580078125 0.78125 0.083984375 0.03515625
0 0.46337890625 0.94873046875 0.0703125 0.0361328125
0 0.654296875 0.94189453125 0.06640625 0.037109375
0 0.65185546875 0.7744140625 0.083984375 0.037109375
0 0.841796875 0.76806640625 0.0703125 0.0361328125
0 0.8505859375 0.935546875 0.0693359375 0.037109375