1 0.921875 0.4287109375 0.0888671875 0.046875
1 0.72900390625 0.43603515625 0.08984375 0.0283203125
1 0.53955078125 0.44482421875 0.099609375 0.0400390625
1 0.34033203125 0.45361328125 0.080078125 0.037109375
1 0.14794921875 0.45703125 0.0869140625 0.0302734375
0 0.0595703125 0.4609375 0.083984375 0.033203125
0 0.25439453125 0.4560546875 0.083984375 0.03515625
0 0.4453125 0.44921875 0.0830078125 0.03515625
0 0.638671875 0.44189453125 0.0830078125 0.0361328125
0 0.83154296875 0.435546875 0.083984375 0.03515625
1 0.91259765625 0.59228515625 0.0634765625 0.0244140625
1 0.73095703125 0.607421875 0.083984375 0.0283203125
1 0.537109375 0.61083984375 0.08203125 0.0478515625
1 0.35400390625 0.61767578125 0.09765625 0.0380859375
1 0.14453125 0.623046875 0.06640625 0.02734375
1 0.931640625 0.76904296875 0.080078125 0.02734375
1 0.736328125 0.77685546875 0.078125 0.02734375
1 0.54541015625 0.77880859375 0.0908203125 0.0302734375
1 0.3525390625 0.7890625 0.0791015625 0.025390625
1 0.15869140625 0.79052734375 0.08203125 0.02734375
1 0.1640625 0.95654296875 0.080078125 0.025390625
1 0.35791015625 0.95068359375 0.0791015625 0.0390625
1 0.546875 0.9482421875 0.0810546875 0.03515625
1 0.94287109375 0.9326171875 0.09375 0.0283203125
1 0.7392578125 0.9384765625 0.0791015625 0.025390625
0 0.83642578125 0.60205078125 0.083984375 0.03515625
0 0.64306640625 0.60888671875 0.083984375 0.0341796875
0 0.45263671875 0.6162109375 0.0849609375 0.03515625
0 0.26025390625 0.62158203125 0.0830078125 0.03515625
0 0.06591796875 0.6279296875 0.06640625 0.03515625
0 0.06640625 0.794921875 0.064453125 0.03515625
0 0.263671875 0.78857421875 0.06640625 0.0341796875
0 0.45703125 0.7822265625 0.083984375 0.03515625
0 0.8427734375 0.76953125 0.0859375 0.037109375
0 0.6494140625 0.7763671875 0.0859375 0.037109375
0 0.845703125 0.9365234375 0.068359375 0.03515625
0 0.65234375 0.943359375 0.0654296875 0.0361328125
0 0.46044921875 0.94921875 0.0654296875 0.03515625
0 0.2724609375 0.9560546875 0.0849609375 0.03515625
0 0.07861328125 0.9619140625 0.072265625 0.03515625