1 0.0732421875 0.4482421875 0.08544921875 0.033203125
1 0.2646484375 0.44873046875 0.09521484375 0.03466796875
1 0.47265625 0.44580078125 0.0615234375 0.02197265625
1 0.6533203125 0.443359375 0.0869140625 0.02197265625
1 0.849609375 0.4482421875 0.08056640625 0.03369140625
1 0.0751953125 0.61181640625 0.083984375 0.04296875
1 0.27783203125 0.61669921875 0.06640625 0.02490234375
1 0.46142578125 0.61572265625 0.08447265625 0.03271484375
1 0.65673828125 0.6162109375 0.078125 0.021484375
1 0.84765625 0.6123046875 0.08837890625 0.02197265625
1 0.8505859375 0.783203125 0.0830078125 0.03271484375
1 0.65185546875 0.78369140625 0.08984375 0.0341796875
1 0.46044921875 0.78515625 0.0791015625 0.0205078125
1 0.26513671875 0.78466796875 0.09228515625 0.0234375
1 0.0751953125 0.7841796875 0.0859375 0.0322265625
1 0.08251953125 0.94873046875 0.06982421875 0.02197265625
1 0.26708984375 0.94921875 0.08740234375 0.03369140625
1 0.47021484375 0.94775390625 0.0673828125 0.02197265625
1 0.65576171875 0.943359375 0.0791015625 0.02197265625
1 0.85498046875 0.94970703125 0.0732421875 0.0322265625
0 0.16259765625 0.447265625 0.08203125 0.0322265625
0 0.35693359375 0.447265625 0.083984375 0.033203125
0 0.54833984375 0.447265625 0.08203125 0.03271484375
0 0.7431640625 0.44580078125 0.08251953125 0.0322265625
0 0.93701171875 0.447265625 0.08203125 0.033203125
0 0.93798828125 0.61279296875 0.08154296875 0.033203125
0 0.74365234375 0.6142578125 0.0830078125 0.03173828125
0 0.55078125 0.61474609375 0.08154296875 0.03369140625
0 0.359375 0.6142578125 0.0625 0.0322265625
0 0.16455078125 0.6142578125 0.08349609375 0.03173828125
0 0.16650390625 0.7802734375 0.06494140625 0.03369140625
0 0.35791015625 0.7802734375 0.064453125 0.033203125
0 0.55615234375 0.78076171875 0.06201171875 0.0341796875
0 0.74609375 0.78125 0.0634765625 0.03466796875
0 0.94384765625 0.78076171875 0.06005859375 0.03271484375
0 0.94189453125 0.947265625 0.06201171875 0.0341796875
0 0.74658203125 0.94677734375 0.06591796875 0.03271484375
0 0.5537109375 0.94775390625 0.06591796875 0.03271484375
0 0.3603515625 0.94775390625 0.0625 0.033203125
0 0.16796875 0.94677734375 0.06298828125 0.0322265625