1 0.07177734375 0.46337890625 0.0869140625 0.0361328125
1 0.26318359375 0.45703125 0.0966796875 0.0380859375
1 0.470703125 0.44677734375 0.0625 0.0244140625
1 0.6513671875 0.43798828125 0.087890625 0.025390625
1 0.84765625 0.43603515625 0.08203125 0.0361328125
1 0.07958984375 0.62646484375 0.0849609375 0.0458984375
1 0.2822265625 0.62451171875 0.0673828125 0.02734375
1 0.46533203125 0.6171875 0.0859375 0.03515625
1 0.66064453125 0.61083984375 0.0791015625 0.0244140625
1 0.8515625 0.60009765625 0.0888671875 0.025390625
1 0.8603515625 0.77099609375 0.083984375 0.03515625
1 0.66162109375 0.7783203125 0.0908203125 0.037109375
1 0.47021484375 0.7861328125 0.080078125 0.0234375
1 0.275390625 0.79248046875 0.0927734375 0.0263671875
1 0.08544921875 0.798828125 0.0869140625 0.03515625
1 0.0986328125 0.962890625 0.0703125 0.0244140625
1 0.28271484375 0.95703125 0.0888671875 0.037109375
1 0.48583984375 0.94873046875 0.068359375 0.0244140625
1 0.6708984375 0.9375 0.080078125 0.0244140625
1 0.87060546875 0.93701171875 0.07421875 0.03515625
0 0.1611328125 0.458984375 0.0830078125 0.03515625
0 0.35498046875 0.4521484375 0.0849609375 0.0361328125
0 0.54638671875 0.44580078125 0.0830078125 0.03515625
0 0.7412109375 0.4375 0.083984375 0.03515625
0 0.93505859375 0.43212890625 0.0830078125 0.0361328125
0 0.94189453125 0.59765625 0.0830078125 0.0361328125
0 0.74755859375 0.60546875 0.083984375 0.0341796875
0 0.5546875 0.61279296875 0.0830078125 0.0361328125
0 0.36328125 0.619140625 0.0634765625 0.0341796875
0 0.1689453125 0.6259765625 0.0849609375 0.0341796875
0 0.17626953125 0.79150390625 0.06640625 0.0361328125
0 0.36767578125 0.78515625 0.0654296875 0.03515625
0 0.56591796875 0.77880859375 0.0634765625 0.0361328125
0 0.755859375 0.7724609375 0.064453125 0.037109375
0 0.95361328125 0.76513671875 0.0615234375 0.03515625
0 0.95703125 0.931640625 0.0634765625 0.0361328125
0 0.76220703125 0.93798828125 0.0673828125 0.03515625
0 0.5693359375 0.94580078125 0.0673828125 0.03515625
0 0.3759765625 0.9521484375 0.0634765625 0.03515625
0 0.18359375 0.9580078125 0.064453125 0.0341796875