1 0.912109375 0.43017578125 0.0654296875 0.0283203125
1 0.7314453125 0.44140625 0.0908203125 0.0380859375
1 0.53662109375 0.4462890625 0.08984375 0.0380859375
1 0.33447265625 0.45068359375 0.0673828125 0.025390625
1 0.13818359375 0.4580078125 0.0634765625 0.025390625
1 0.14990234375 0.62451171875 0.078125 0.025390625
1 0.3505859375 0.619140625 0.0859375 0.02734375
1 0.53076171875 0.6083984375 0.0634765625 0.025390625
1 0.7275390625 0.6083984375 0.07421875 0.0361328125
1 0.9189453125 0.59912109375 0.06640625 0.0263671875
1 0.93603515625 0.76708984375 0.0908203125 0.037109375
1 0.72998046875 0.7724609375 0.0634765625 0.0263671875
1 0.54638671875 0.783203125 0.0830078125 0.037109375
1 0.35205078125 0.78662109375 0.0751953125 0.029296875
1 0.150390625 0.7919921875 0.064453125 0.0263671875
1 0.1611328125 0.9599609375 0.076171875 0.02734375
1 0.35546875 0.95166015625 0.0771484375 0.02734375
1 0.5517578125 0.9443359375 0.08203125 0.0263671875
1 0.74853515625 0.93896484375 0.087890625 0.0283203125
1 0.9423828125 0.93212890625 0.08984375 0.037109375
0 0.83349609375 0.435546875 0.0849609375 0.0361328125
0 0.640625 0.44140625 0.0849609375 0.0361328125
0 0.447265625 0.44921875 0.0849609375 0.03515625
0 0.25537109375 0.455078125 0.08203125 0.037109375
0 0.0615234375 0.46142578125 0.0849609375 0.0361328125
0 0.84130859375 0.60205078125 0.0654296875 0.03515625
0 0.64599609375 0.60888671875 0.0830078125 0.037109375
0 0.45361328125 0.61572265625 0.0830078125 0.0380859375
0 0.26025390625 0.6220703125 0.08203125 0.03515625
0 0.06591796875 0.6279296875 0.0830078125 0.0380859375
0 0.06982421875 0.7958984375 0.0634765625 0.037109375
0 0.2666015625 0.7890625 0.0830078125 0.037109375
0 0.458984375 0.78173828125 0.0830078125 0.0361328125
0 0.6513671875 0.77587890625 0.083984375 0.037109375
0 0.84423828125 0.76806640625 0.068359375 0.0380859375
0 0.85205078125 0.93505859375 0.0849609375 0.0361328125
0 0.6591796875 0.94140625 0.06640625 0.0361328125
0 0.4609375 0.94921875 0.068359375 0.037109375
0 0.27197265625 0.9560546875 0.08203125 0.03515625
0 0.07666015625 0.9619140625 0.0703125 0.03515625