1 0.087890625 0.49609375 0.0634765625 0.0244140625
1 0.27880859375 0.5 0.07080078125 0.03564453125
1 0.46533203125 0.49853515625 0.08154296875 0.0361328125
1 0.0732421875 0.6806640625 0.09033203125 0.0341796875
1 0.28125 0.67626953125 0.0615234375 0.0234375
1 0.46630859375 0.68017578125 0.07763671875 0.03369140625
1 0.658203125 0.49658203125 0.07861328125 0.03515625
1 0.6533203125 0.6787109375 0.0869140625 0.03564453125
1 0.8544921875 0.494140625 0.0703125 0.02587890625
1 0.85546875 0.6728515625 0.06689453125 0.02392578125
1 0.85986328125 0.85595703125 0.0654296875 0.02490234375
1 0.6552734375 0.859375 0.08349609375 0.02392578125
1 0.46728515625 0.85595703125 0.07470703125 0.025390625
1 0.08203125 0.85888671875 0.07421875 0.02490234375
1 0.2685546875 0.859375 0.091796875 0.03515625
0 0.16796875 0.49755859375 0.083984375 0.0322265625
0 0.35986328125 0.498046875 0.0849609375 0.03271484375
0 0.552734375 0.498046875 0.0849609375 0.03271484375
0 0.74365234375 0.498046875 0.08544921875 0.0341796875
0 0.93798828125 0.4970703125 0.08349609375 0.033203125
0 0.93798828125 0.6787109375 0.08251953125 0.03271484375
0 0.744140625 0.6787109375 0.08447265625 0.0322265625
0 0.55126953125 0.67822265625 0.0830078125 0.03369140625
0 0.3603515625 0.6787109375 0.0849609375 0.0341796875
0 0.1669921875 0.67822265625 0.068359375 0.03125
0 0.16748046875 0.85888671875 0.08349609375 0.0322265625
0 0.36083984375 0.85986328125 0.08447265625 0.033203125
0 0.55224609375 0.85986328125 0.083984375 0.0322265625
0 0.74609375 0.859375 0.0673828125 0.033203125
0 0.94140625 0.8583984375 0.06494140625 0.03125