1 0.9248046875 0.25439453125 0.068359375 0.029296875
1 0.73193359375 0.25048828125 0.072265625 0.0400390625
1 0.53662109375 0.240234375 0.0654296875 0.029296875
0 0.8427734375 0.2548828125 0.06640625 0.0361328125
0 0.6513671875 0.2490234375 0.0849609375 0.037109375
0 0.458984375 0.24267578125 0.08203125 0.037109375
0 0.2666015625 0.2353515625 0.0849609375 0.0361328125
0 0.072265625 0.22900390625 0.0830078125 0.037109375
1 0.349609375 0.23486328125 0.0771484375 0.029296875
1 0.15673828125 0.232421875 0.0810546875 0.0283203125
1 0.921875 0.427734375 0.07421875 0.02734375
1 0.73046875 0.41943359375 0.0791015625 0.037109375
1 0.52978515625 0.4091796875 0.0634765625 0.0283203125
0 0.83642578125 0.421875 0.06640625 0.0361328125
0 0.64501953125 0.41552734375 0.064453125 0.037109375
0 0.44873046875 0.408203125 0.06640625 0.0361328125
0 0.2587890625 0.40283203125 0.068359375 0.0361328125
0 0.0634765625 0.39501953125 0.068359375 0.0361328125
1 0.33935546875 0.4033203125 0.0712890625 0.02734375
1 0.1494140625 0.3955078125 0.076171875 0.029296875
1 0.146484375 0.56201171875 0.083984375 0.0283203125
1 0.33544921875 0.56982421875 0.0673828125 0.02734375
1 0.53271484375 0.57958984375 0.0673828125 0.0302734375
1 0.52685546875 0.74462890625 0.0810546875 0.0400390625
1 0.3359375 0.7353515625 0.083984375 0.0478515625
1 0.1396484375 0.7333984375 0.080078125 0.0361328125
0 0.0556640625 0.56201171875 0.0703125 0.0361328125
0 0.25244140625 0.56982421875 0.0654296875 0.03515625
0 0.44580078125 0.576171875 0.0673828125 0.0361328125
0 0.44189453125 0.7431640625 0.064453125 0.03515625
0 0.24365234375 0.736328125 0.0693359375 0.037109375
0 0.05419921875 0.72998046875 0.0830078125 0.037109375
0 0.63720703125 0.58251953125 0.0703125 0.03515625
0 0.82958984375 0.58935546875 0.0703125 0.0361328125
0 0.8232421875 0.75634765625 0.0693359375 0.0361328125
0 0.6337890625 0.74951171875 0.0849609375 0.037109375
1 0.919921875 0.59130859375 0.0830078125 0.0283203125
1 0.72705078125 0.58740234375 0.08203125 0.037109375
1 0.90771484375 0.75830078125 0.0634765625 0.02734375
1 0.7119140625 0.7509765625 0.0625 0.0302734375