1 0.92138671875 0.4345703125 0.0810546875 0.0390625
1 0.72412109375 0.435546875 0.07421875 0.0380859375
1 0.5302734375 0.44287109375 0.07421875 0.0361328125
1 0.53271484375 0.61572265625 0.0693359375 0.0380859375
1 0.7373046875 0.607421875 0.0927734375 0.0400390625
1 0.9326171875 0.59765625 0.0947265625 0.02734375
1 0.33837890625 0.45361328125 0.078125 0.0458984375
1 0.1494140625 0.46240234375 0.083984375 0.0380859375
1 0.16015625 0.626953125 0.0947265625 0.0390625
1 0.34033203125 0.6220703125 0.06640625 0.0380859375
1 0.1533203125 0.79638671875 0.0791015625 0.037109375
1 0.3447265625 0.7822265625 0.0673828125 0.0361328125
1 0.54736328125 0.77587890625 0.0830078125 0.0380859375
1 0.546875 0.9521484375 0.0888671875 0.0263671875
1 0.35693359375 0.94921875 0.07421875 0.0380859375
1 0.1669921875 0.96630859375 0.08203125 0.0234375
1 0.93505859375 0.7646484375 0.087890625 0.0390625
1 0.7333984375 0.779296875 0.0712890625 0.0263671875
1 0.73681640625 0.9404296875 0.0859375 0.0390625
1 0.93212890625 0.931640625 0.068359375 0.0361328125
0 0.82958984375 0.435546875 0.083984375 0.0341796875
0 0.63720703125 0.44189453125 0.0849609375 0.0361328125
0 0.4443359375 0.44921875 0.0849609375 0.0361328125
0 0.83544921875 0.6025390625 0.0859375 0.0361328125
0 0.64501953125 0.60888671875 0.083984375 0.0361328125
0 0.4521484375 0.61669921875 0.083984375 0.037109375
0 0.2587890625 0.62255859375 0.083984375 0.0361328125
0 0.0673828125 0.62841796875 0.0830078125 0.03515625
0 0.060546875 0.4619140625 0.0830078125 0.0361328125
0 0.25390625 0.4560546875 0.0849609375 0.037109375
0 0.0654296875 0.79541015625 0.0654296875 0.0361328125
0 0.07861328125 0.9619140625 0.0830078125 0.037109375
0 0.2646484375 0.7890625 0.0849609375 0.0380859375
0 0.2705078125 0.95556640625 0.0859375 0.037109375
0 0.45703125 0.78173828125 0.0830078125 0.03515625
0 0.4541015625 0.94921875 0.0634765625 0.0361328125
0 0.841796875 0.7685546875 0.0849609375 0.037109375
0 0.650390625 0.77587890625 0.083984375 0.0361328125
0 0.84326171875 0.93701171875 0.068359375 0.0361328125
0 0.64697265625 0.94287109375 0.06640625 0.037109375