1 0.91259765625 0.4716796875 0.06640625 0.0283203125
1 0.7265625 0.48486328125 0.0869140625 0.0419921875
1 0.52392578125 0.4892578125 0.0673828125 0.03125
1 0.34375 0.50390625 0.0810546875 0.0419921875
1 0.13916015625 0.5107421875 0.0634765625 0.0283203125
1 0.921875 0.65283203125 0.064453125 0.029296875
1 0.736328125 0.6611328125 0.0830078125 0.0322265625
1 0.5458984375 0.67822265625 0.08984375 0.0400390625
1 0.35595703125 0.68701171875 0.0830078125 0.0400390625
1 0.15478515625 0.6904296875 0.07421875 0.0302734375
1 0.93310546875 0.8388671875 0.0693359375 0.0302734375
1 0.74951171875 0.84619140625 0.0927734375 0.0390625
1 0.55615234375 0.8564453125 0.0927734375 0.0400390625
1 0.36572265625 0.86279296875 0.0869140625 0.033203125
1 0.16748046875 0.8740234375 0.0791015625 0.033203125
0 0.8330078125 0.48046875 0.087890625 0.0390625
0 0.63916015625 0.490234375 0.0888671875 0.0390625
0 0.447265625 0.5009765625 0.0859375 0.0390625
0 0.2578125 0.5107421875 0.087890625 0.0380859375
0 0.0625 0.52099609375 0.0849609375 0.0390625
0 0.84326171875 0.66162109375 0.091796875 0.0400390625
0 0.64990234375 0.67138671875 0.08984375 0.0400390625
0 0.45703125 0.681640625 0.083984375 0.0380859375
0 0.267578125 0.69140625 0.0908203125 0.0380859375
0 0.07275390625 0.701171875 0.0849609375 0.0390625
0 0.8525390625 0.841796875 0.0859375 0.0361328125
0 0.658203125 0.8525390625 0.083984375 0.0380859375
0 0.4677734375 0.8623046875 0.08203125 0.0380859375
0 0.27685546875 0.87255859375 0.0849609375 0.0380859375
0 0.08203125 0.8818359375 0.0888671875 0.037109375