1 0.06787109375 0.255859375 0.1005859375 0.0234375
1 0.26708984375 0.25146484375 0.080078125 0.0341796875
1 0.54248046875 0.18896484375 0.0517578125 0.0556640625
1 0.09375 0.4189453125 0.0712890625 0.0361328125
1 0.35986328125 0.375 0.0771484375 0.033203125
1 0.4794921875 0.4111328125 0.052734375 0.0244140625
1 0.65625 0.2490234375 0.08984375 0.0244140625
1 0.66943359375 0.4150390625 0.06640625 0.025390625
1 0.8466796875 0.41259765625 0.099609375 0.025390625
1 0.8515625 0.23681640625 0.08203125 0.0341796875
1 0.75537109375 0.52880859375 0.0419921875 0.0439453125
1 0.85693359375 0.57177734375 0.0859375 0.025390625
1 0.91162109375 0.68701171875 0.0849609375 0.044921875
1 0.5771484375 0.69140625 0.05078125 0.0537109375
1 0.46728515625 0.5810546875 0.1015625 0.03515625
1 0.357421875 0.529296875 0.0634765625 0.0556640625
1 0.08837890625 0.59228515625 0.0859375 0.025390625
1 0.0888671875 0.74951171875 0.0908203125 0.037109375
1 0.27734375 0.74658203125 0.0869140625 0.0380859375
0 0.16357421875 0.24951171875 0.0830078125 0.0341796875
0 0.35595703125 0.24658203125 0.083984375 0.0341796875
0 0.55517578125 0.2431640625 0.068359375 0.03515625
0 0.17138671875 0.41796875 0.064453125 0.0341796875
0 0.365234375 0.4140625 0.0673828125 0.033203125
0 0.5517578125 0.41064453125 0.0849609375 0.033203125
0 0.74755859375 0.240234375 0.0654296875 0.0361328125
0 0.75 0.4072265625 0.06640625 0.0361328125
0 0.939453125 0.23681640625 0.06640625 0.0361328125
0 0.94287109375 0.404296875 0.0673828125 0.03515625
0 0.9453125 0.5712890625 0.0654296875 0.0361328125
0 0.75244140625 0.57470703125 0.06640625 0.03515625
0 0.927734375 0.7333984375 0.109375 0.0361328125
0 0.56103515625 0.578125 0.0654296875 0.033203125
0 0.54638671875 0.73974609375 0.109375 0.0361328125
0 0.36279296875 0.58203125 0.0859375 0.0361328125
0 0.1767578125 0.5849609375 0.06640625 0.0380859375
0 0.1796875 0.748046875 0.0654296875 0.0361328125
0 0.37109375 0.7451171875 0.068359375 0.0361328125