1 0.080078125 0.412109375 0.0791015625 0.041015625
1 0.2783203125 0.4287109375 0.0751953125 0.041015625
1 0.47265625 0.44287109375 0.0732421875 0.0380859375
1 0.4619140625 0.61572265625 0.068359375 0.0390625
1 0.25927734375 0.5986328125 0.0908203125 0.041015625
1 0.064453125 0.5830078125 0.0947265625 0.033203125
1 0.66162109375 0.458984375 0.0830078125 0.0517578125
1 0.8544921875 0.47607421875 0.0810546875 0.041015625
1 0.8349609375 0.638671875 0.09765625 0.0439453125
1 0.65380859375 0.62744140625 0.0654296875 0.0390625
1 0.64404296875 0.78759765625 0.0703125 0.041015625
1 0.8359375 0.80908203125 0.080078125 0.0390625
1 0.81591796875 0.97802734375 0.0791015625 0.0263671875
1 0.626953125 0.955078125 0.076171875 0.04296875
1 0.44384765625 0.77392578125 0.0859375 0.0400390625
1 0.4365234375 0.951171875 0.087890625 0.029296875
1 0.24755859375 0.93115234375 0.0849609375 0.041015625
1 0.2568359375 0.77197265625 0.0732421875 0.0283203125
1 0.0556640625 0.748046875 0.0888671875 0.041015625
1 0.05322265625 0.916015625 0.0703125 0.0400390625
0 0.17333984375 0.42431640625 0.0869140625 0.0390625
0 0.3642578125 0.4375 0.0849609375 0.0380859375
0 0.55712890625 0.451171875 0.0869140625 0.0380859375
0 0.1611328125 0.59130859375 0.0830078125 0.037109375
0 0.3525390625 0.6044921875 0.0849609375 0.0380859375
0 0.54443359375 0.6181640625 0.0859375 0.0400390625
0 0.73681640625 0.6298828125 0.0859375 0.0380859375
0 0.9287109375 0.6435546875 0.087890625 0.0400390625
0 0.748046875 0.4638671875 0.0859375 0.0380859375
0 0.9404296875 0.47705078125 0.083984375 0.0390625
0 0.9248046875 0.810546875 0.0654296875 0.037109375
0 0.90478515625 0.97607421875 0.0830078125 0.0390625
0 0.7255859375 0.7978515625 0.0849609375 0.041015625
0 0.712890625 0.96435546875 0.0869140625 0.0400390625
0 0.53125 0.9521484375 0.0654296875 0.0400390625
0 0.533203125 0.783203125 0.0869140625 0.0390625
0 0.15087890625 0.75634765625 0.0869140625 0.0400390625
0 0.34130859375 0.77001953125 0.0869140625 0.0400390625
0 0.3369140625 0.9375 0.0703125 0.0400390625
0 0.1396484375 0.9248046875 0.0615234375 0.0390625