1 0.9189453125 0.22802734375 0.0927734375 0.0263671875
1 0.91552734375 0.39453125 0.076171875 0.037109375
1 0.73095703125 0.3984375 0.0927734375 0.0283203125
1 0.7275390625 0.23388671875 0.09765625 0.0390625
1 0.525390625 0.24267578125 0.080078125 0.0361328125
1 0.5322265625 0.40771484375 0.0830078125 0.0283203125
1 0.33154296875 0.24658203125 0.0791015625 0.0263671875
1 0.14404296875 0.25439453125 0.08984375 0.0283203125
1 0.3427734375 0.412109375 0.08984375 0.0283203125
1 0.138671875 0.41796875 0.068359375 0.0263671875
1 0.9189453125 0.56201171875 0.0712890625 0.025390625
1 0.73974609375 0.5673828125 0.0986328125 0.0361328125
1 0.9287109375 0.7314453125 0.0791015625 0.025390625
1 0.7353515625 0.734375 0.076171875 0.029296875
1 0.53759765625 0.576171875 0.083984375 0.0361328125
1 0.54443359375 0.7431640625 0.0830078125 0.037109375
1 0.34912109375 0.58447265625 0.091796875 0.0400390625
1 0.35400390625 0.75146484375 0.0869140625 0.0361328125
1 0.15673828125 0.75634765625 0.080078125 0.0302734375
1 0.15380859375 0.591796875 0.0859375 0.0302734375
0 0.82080078125 0.23095703125 0.0654296875 0.037109375
0 0.6279296875 0.23828125 0.0654296875 0.037109375
0 0.43896484375 0.24462890625 0.06640625 0.0361328125
0 0.828125 0.39794921875 0.0595703125 0.03515625
0 0.63525390625 0.40478515625 0.064453125 0.0380859375
0 0.4462890625 0.41162109375 0.0712890625 0.033203125
0 0.2421875 0.25146484375 0.0654296875 0.037109375
0 0.052734375 0.2587890625 0.0693359375 0.03515625
0 0.25146484375 0.41943359375 0.0673828125 0.037109375
0 0.05517578125 0.42578125 0.064453125 0.037109375
0 0.2529296875 0.5859375 0.064453125 0.0361328125
0 0.060546875 0.5927734375 0.06640625 0.03515625
0 0.07080078125 0.7587890625 0.0849609375 0.033203125
0 0.263671875 0.75244140625 0.07421875 0.0361328125
0 0.45361328125 0.57861328125 0.0849609375 0.0341796875
0 0.4580078125 0.74609375 0.0859375 0.0341796875
0 0.64501953125 0.572265625 0.0849609375 0.0361328125
0 0.64794921875 0.73974609375 0.0703125 0.03515625
0 0.8330078125 0.56494140625 0.0673828125 0.0361328125
0 0.84326171875 0.7333984375 0.0703125 0.03515625