1 0.08642578125 0.4931640625 0.0654296875 0.02490234375
1 0.27294921875 0.49658203125 0.08544921875 0.037109375
1 0.4755859375 0.49072265625 0.06640625 0.02783203125
1 0.65625 0.49560546875 0.0791015625 0.0380859375
1 0.86083984375 0.49169921875 0.06201171875 0.025390625
1 0.0869140625 0.6748046875 0.0634765625 0.0263671875
1 0.2724609375 0.67333984375 0.08203125 0.02783203125
1 0.46337890625 0.68017578125 0.08837890625 0.03515625
1 0.65380859375 0.67919921875 0.0810546875 0.03564453125
1 0.8544921875 0.671875 0.0732421875 0.0263671875
1 0.08544921875 0.86083984375 0.06787109375 0.0263671875
1 0.26904296875 0.85888671875 0.0908203125 0.0341796875
1 0.46240234375 0.85888671875 0.0908203125 0.03564453125
1 0.6533203125 0.85546875 0.0859375 0.02880859375
1 0.8515625 0.85595703125 0.07763671875 0.02880859375
0 0.16650390625 0.498046875 0.0859375 0.0341796875
0 0.3603515625 0.49755859375 0.0869140625 0.0341796875
0 0.552734375 0.498046875 0.08447265625 0.03466796875
0 0.7421875 0.498046875 0.0859375 0.03369140625
0 0.93798828125 0.498046875 0.08349609375 0.03466796875
0 0.16552734375 0.67919921875 0.08984375 0.03515625
0 0.359375 0.67919921875 0.08837890625 0.03515625
0 0.55224609375 0.67919921875 0.08251953125 0.0341796875
0 0.7421875 0.67919921875 0.0888671875 0.03369140625
0 0.93701171875 0.6787109375 0.08349609375 0.03515625
0 0.166015625 0.85986328125 0.083984375 0.0322265625
0 0.3603515625 0.8603515625 0.08251953125 0.03369140625
0 0.55126953125 0.8603515625 0.08056640625 0.0341796875
0 0.7421875 0.8603515625 0.08349609375 0.0341796875
0 0.9375 0.859375 0.0869140625 0.03271484375