1 0.0732421875 0.44873046875 0.09619140625 0.03466796875
1 0.28271484375 0.4462890625 0.0634765625 0.02587890625
1 0.474609375 0.44482421875 0.064453125 0.02294921875
1 0.0791015625 0.6123046875 0.08740234375 0.025390625
1 0.2822265625 0.61181640625 0.060546875 0.0234375
1 0.46337890625 0.61083984375 0.08251953125 0.02294921875
1 0.650390625 0.44775390625 0.0908203125 0.03271484375
1 0.84912109375 0.44287109375 0.0703125 0.02294921875
1 0.66455078125 0.607421875 0.0673828125 0.02197265625
1 0.84716796875 0.61328125 0.083984375 0.03564453125
1 0.65576171875 0.77734375 0.078125 0.025390625
1 0.8515625 0.7822265625 0.08056640625 0.02490234375
1 0.65771484375 0.94580078125 0.08203125 0.0244140625
1 0.85400390625 0.9453125 0.0771484375 0.02294921875
1 0.08447265625 0.78076171875 0.0703125 0.0244140625
1 0.26708984375 0.78125 0.09228515625 0.03662109375
1 0.4619140625 0.7822265625 0.0908203125 0.03466796875
1 0.4677734375 0.94677734375 0.0791015625 0.03271484375
1 0.27587890625 0.94873046875 0.0810546875 0.0224609375
1 0.0810546875 0.947265625 0.07275390625 0.02392578125
0 0.1669921875 0.447265625 0.08447265625 0.03369140625
0 0.359375 0.447265625 0.083984375 0.03271484375
0 0.55224609375 0.447265625 0.08251953125 0.03369140625
0 0.7412109375 0.44677734375 0.0849609375 0.0322265625
0 0.166015625 0.61376953125 0.0830078125 0.0322265625
0 0.35986328125 0.61474609375 0.08251953125 0.03369140625
0 0.552734375 0.61328125 0.0830078125 0.0341796875
0 0.7431640625 0.61328125 0.08642578125 0.0322265625
0 0.166015625 0.78076171875 0.08203125 0.0322265625
0 0.16796875 0.94677734375 0.0703125 0.03271484375
0 0.36083984375 0.78076171875 0.064453125 0.03271484375
0 0.35888671875 0.94677734375 0.068359375 0.03125
0 0.55419921875 0.94775390625 0.06298828125 0.03271484375
0 0.552734375 0.7802734375 0.080078125 0.03125
0 0.74365234375 0.7802734375 0.083984375 0.03271484375
0 0.7451171875 0.94775390625 0.0703125 0.03271484375
0 0.93798828125 0.7802734375 0.08056640625 0.0341796875
0 0.93994140625 0.947265625 0.068359375 0.033203125