1 0.07763671875 0.24462890625 0.0810546875 0.03564453125
1 0.26953125 0.23681640625 0.08349609375 0.02197265625
1 0.46728515625 0.24072265625 0.078125 0.02294921875
1 0.6591796875 0.24365234375 0.07763671875 0.03271484375
1 0.85498046875 0.240234375 0.0732421875 0.0234375
0 0.93994140625 0.24267578125 0.06689453125 0.03369140625
0 0.7490234375 0.2421875 0.06494140625 0.03369140625
0 0.556640625 0.24267578125 0.06103515625 0.033203125
0 0.3623046875 0.24267578125 0.0625 0.03369140625
0 0.16943359375 0.24267578125 0.06298828125 0.03466796875
1 0.078125 0.40966796875 0.080078125 0.033203125
1 0.279296875 0.408203125 0.06396484375 0.0244140625
1 0.46875 0.40576171875 0.0703125 0.0224609375
1 0.84521484375 0.41162109375 0.0947265625 0.03271484375
0 0.9375 0.40966796875 0.08203125 0.0322265625
0 0.5537109375 0.41015625 0.068359375 0.033203125
0 0.16796875 0.41015625 0.06396484375 0.033203125
0 0.36181640625 0.41015625 0.060546875 0.0341796875
1 0.08251953125 0.5791015625 0.07177734375 0.02392578125
1 0.2685546875 0.578125 0.08740234375 0.03271484375
1 0.46435546875 0.57373046875 0.0830078125 0.0224609375
0 0.17041015625 0.57666015625 0.06201171875 0.0341796875
0 0.36279296875 0.5771484375 0.064453125 0.0341796875
0 0.55224609375 0.57763671875 0.0625 0.03369140625
0 0.74658203125 0.578125 0.06201171875 0.03369140625
0 0.939453125 0.5771484375 0.06982421875 0.0341796875
1 0.64990234375 0.57763671875 0.0986328125 0.03564453125
1 0.84814453125 0.578125 0.08935546875 0.0234375
1 0.83154296875 0.74560546875 0.06982421875 0.03271484375
1 0.75048828125 0.69921875 0.06103515625 0.02197265625
1 0.271484375 0.74462890625 0.08154296875 0.03564453125
1 0.0810546875 0.74609375 0.0751953125 0.0341796875
0 0.1640625 0.7451171875 0.08251953125 0.033203125
0 0.35791015625 0.74462890625 0.08251953125 0.03369140625
0 0.7236328125 0.740234375 0.107421875 0.03173828125
0 0.92626953125 0.74462890625 0.10400390625 0.0341796875