1 0.0791015625 0.24462890625 0.07958984375 0.0361328125
1 0.2724609375 0.24365234375 0.07177734375 0.0234375
1 0.462890625 0.24169921875 0.08447265625 0.025390625
1 0.076171875 0.40966796875 0.08056640625 0.02685546875
1 0.26611328125 0.408203125 0.09228515625 0.0234375
1 0.46142578125 0.412109375 0.0859375 0.0361328125
1 0.740234375 0.197265625 0.07666015625 0.03662109375
1 0.84912109375 0.24462890625 0.0859375 0.033203125
1 0.6630859375 0.41064453125 0.06787109375 0.0234375
1 0.85498046875 0.41455078125 0.07275390625 0.0244140625
1 0.845703125 0.57958984375 0.09326171875 0.033203125
1 0.83251953125 0.74609375 0.07763671875 0.03515625
1 0.65380859375 0.5791015625 0.0869140625 0.0224609375
1 0.66357421875 0.74560546875 0.0673828125 0.03759765625
1 0.45751953125 0.572265625 0.09521484375 0.02490234375
1 0.466796875 0.74560546875 0.07666015625 0.0341796875
1 0.26611328125 0.57861328125 0.08935546875 0.03466796875
1 0.07568359375 0.57666015625 0.0859375 0.04443359375
1 0.080078125 0.7431640625 0.07470703125 0.0234375
1 0.2705078125 0.74560546875 0.08056640625 0.03369140625
0 0.16455078125 0.2431640625 0.07373046875 0.03369140625
0 0.35888671875 0.2431640625 0.06689453125 0.03369140625
0 0.1689453125 0.40966796875 0.06787109375 0.03369140625
0 0.35693359375 0.41015625 0.06494140625 0.03515625
0 0.55712890625 0.24365234375 0.06298828125 0.03466796875
0 0.55419921875 0.4111328125 0.06689453125 0.03466796875
0 0.75 0.41064453125 0.06396484375 0.033203125
0 0.74755859375 0.24267578125 0.06640625 0.03466796875
0 0.9423828125 0.2431640625 0.06396484375 0.03369140625
0 0.94189453125 0.41015625 0.06689453125 0.03466796875
0 0.9404296875 0.57763671875 0.0673828125 0.03369140625
0 0.92626953125 0.744140625 0.10693359375 0.033203125
0 0.748046875 0.578125 0.0673828125 0.0361328125
0 0.74365234375 0.7451171875 0.0859375 0.03369140625
0 0.5537109375 0.578125 0.06689453125 0.03564453125
0 0.55078125 0.7451171875 0.0859375 0.03466796875
0 0.35693359375 0.5771484375 0.083984375 0.03515625
0 0.1640625 0.5771484375 0.0849609375 0.0341796875
0 0.16748046875 0.7451171875 0.0703125 0.03369140625
0 0.357421875 0.74462890625 0.08349609375 0.033203125