1 0.08203125 0.23828125 0.07421875 0.02490234375
1 0.08203125 0.4111328125 0.0732421875 0.0341796875
1 0.271484375 0.24072265625 0.0810546875 0.03564453125
1 0.2705078125 0.4072265625 0.08154296875 0.02392578125
1 0.4658203125 0.23876953125 0.07958984375 0.02197265625
1 0.4619140625 0.40966796875 0.0888671875 0.03564453125
1 0.6650390625 0.24072265625 0.06787109375 0.0234375
1 0.6650390625 0.40380859375 0.06591796875 0.0244140625
1 0.8583984375 0.404296875 0.068359375 0.0224609375
1 0.8544921875 0.2412109375 0.07421875 0.03369140625
1 0.8505859375 0.5771484375 0.08349609375 0.0322265625
1 0.8544921875 0.74365234375 0.07470703125 0.033203125
1 0.65576171875 0.74365234375 0.08447265625 0.0322265625
1 0.65771484375 0.576171875 0.07958984375 0.0244140625
1 0.0791015625 0.57470703125 0.07958984375 0.0439453125
1 0.27099609375 0.57421875 0.08056640625 0.03515625
1 0.4619140625 0.57666015625 0.08154296875 0.03369140625
1 0.4638671875 0.7431640625 0.08349609375 0.03466796875
1 0.27587890625 0.74365234375 0.06982421875 0.03271484375
1 0.08642578125 0.74169921875 0.0634765625 0.02490234375
0 0.16943359375 0.24072265625 0.0634765625 0.0341796875
0 0.361328125 0.24072265625 0.0625 0.03466796875
0 0.5537109375 0.24072265625 0.06640625 0.033203125
0 0.55322265625 0.40771484375 0.068359375 0.0341796875
0 0.35986328125 0.408203125 0.06787109375 0.03466796875
0 0.16748046875 0.40869140625 0.06201171875 0.0341796875
0 0.75 0.24072265625 0.06494140625 0.03466796875
0 0.93896484375 0.24072265625 0.0673828125 0.0322265625
0 0.7470703125 0.40771484375 0.060546875 0.033203125
0 0.9443359375 0.40771484375 0.06298828125 0.0341796875
0 0.74365234375 0.576171875 0.08349609375 0.03271484375
0 0.94091796875 0.5751953125 0.068359375 0.03271484375
0 0.74560546875 0.74267578125 0.068359375 0.033203125
0 0.9375 0.7421875 0.08349609375 0.03466796875
0 0.55419921875 0.5751953125 0.064453125 0.03271484375
0 0.55078125 0.74267578125 0.083984375 0.033203125
0 0.35693359375 0.5751953125 0.0830078125 0.03173828125
0 0.35693359375 0.74267578125 0.08154296875 0.033203125
0 0.16796875 0.7421875 0.0625 0.03369140625
0 0.169921875 0.57421875 0.060546875 0.03271484375