1 0.0732421875 0.24365234375 0.0908203125 0.03564453125
1 0.27783203125 0.2373046875 0.06689453125 0.0244140625
1 0.4677734375 0.240234375 0.076171875 0.02392578125
1 0.666015625 0.24072265625 0.06689453125 0.025390625
1 0.84912109375 0.23876953125 0.0869140625 0.0234375
1 0.85400390625 0.4052734375 0.0771484375 0.02490234375
1 0.65771484375 0.4052734375 0.08154296875 0.025390625
1 0.46826171875 0.41748046875 0.0771484375 0.025390625
1 0.27392578125 0.4130859375 0.076171875 0.02490234375
1 0.078125 0.41259765625 0.080078125 0.0224609375
1 0.078125 0.57861328125 0.08154296875 0.0234375
1 0.27197265625 0.5771484375 0.08203125 0.0361328125
1 0.4677734375 0.57568359375 0.0732421875 0.0263671875
1 0.65625 0.5791015625 0.08056640625 0.0244140625
1 0.0771484375 0.74267578125 0.08154296875 0.0244140625
1 0.279296875 0.74609375 0.06103515625 0.0263671875
1 0.47216796875 0.74560546875 0.060546875 0.02734375
1 0.85595703125 0.57568359375 0.068359375 0.02392578125
1 0.65478515625 0.74560546875 0.08544921875 0.02490234375
1 0.935546875 0.67626953125 0.060546875 0.068359375
0 0.1640625 0.24365234375 0.08251953125 0.0322265625
0 0.3603515625 0.2431640625 0.06494140625 0.033203125
0 0.5498046875 0.24365234375 0.08056640625 0.0341796875
0 0.1640625 0.4111328125 0.08251953125 0.03369140625
0 0.357421875 0.4111328125 0.0830078125 0.03369140625
0 0.5517578125 0.4111328125 0.06787109375 0.03369140625
0 0.7431640625 0.41064453125 0.064453125 0.03662109375
0 0.74609375 0.24267578125 0.06494140625 0.03369140625
0 0.93896484375 0.2421875 0.06298828125 0.0341796875
0 0.93994140625 0.41064453125 0.06494140625 0.03466796875
0 0.9404296875 0.5771484375 0.06689453125 0.03466796875
0 0.74658203125 0.57666015625 0.064453125 0.0341796875
0 0.74658203125 0.7451171875 0.064453125 0.0341796875
0 0.92529296875 0.7451171875 0.10595703125 0.03515625
0 0.5556640625 0.578125 0.06884765625 0.0341796875
0 0.55126953125 0.74462890625 0.0830078125 0.0341796875
0 0.359375 0.74462890625 0.068359375 0.03369140625
0 0.35888671875 0.5771484375 0.07275390625 0.03271484375
0 0.16796875 0.57763671875 0.06884765625 0.0341796875
0 0.16796875 0.7451171875 0.0634765625 0.03466796875